5
20
840

[Depot]
  0  25,000  25,000   0   0   
 91  25,000  25,000   0   0    

[Pickup]
  1  45,479  47,350   0   9  28 200  320
  2  14,637   2,649   0   5  59  40  160
  3  31,784  39,682   0  16  45 448  568
  4  22,594  49,458   0  20  17  13  133
  5   1,279   7,844   0  10  31 559  679
  6  49,591   5,129   0  20  47 207  327
  7  14,900   8,658   0   6  45 114  234
  8  21,227  46,868   0  18  19 364  484
  9   0,401   2,882   0   7  45  29  149
 10   0,992  42,377   0   9  70 112  232
 11   8,671  23,026   0   8  11 235  355
 12  32,845  31,582   0  18  76 409  529
 13   1,221  19,986   0  12  49 146  266
 14  30,561  28,302   0  12  55 434  554
 15  36,089  46,410   0  15  12 107  227
 16  38,427  21,803   0   7  53 367  487
 17  31,439   5,571   0  14  39 559  679
 18  47,912  10,565   0  14  33 402  522
 19  30,745   9,007   0  19  21 386  506
 20  45,764   8,559   0   7  65 480  600
 21   1,486  35,445   0   7  39 464  584
 22   4,525  31,446   0   6  49 138  258
 23   7,550  44,519   0  11  73 283  403
 24   2,700  35,550   0   7  29 326  446
 25  44,995  10,117   0  19  51 211  331
 26  46,221  16,131   0  11  42 289  409
 27  23,690  14,918   0  16  37 212  332
 28  17,508  19,095   0   8  26 435  555
 29  36,781  37,726   0  13  46 532  652
 30   2,119   0,960   0  12  72 550  670
 31  31,146  45,793   0   5  53 203  323
 32  22,081  43,214   0  15  65 347  467
 33   5,049  22,902   0   8  18 385  505
 34  12,182  49,069   0  11  56 284  404
 35  46,369  46,347   0  16  55 242  362
 36  44,962  41,950   0   9  37 508  628
 37   7,997  20,798   0  12  19  24  144
 38  30,495   1,115   0   5  43 143  263
 39  38,031   9,776   0   9  51 335  455
 40  12,311   1,997   0   7  37 431  551
 41  29,696   1,954   0  18  48 167  287
 42  16,175  49,689   0   5  16 250  370
 43  39,175  48,552   0  16  61 585  705
 44   2,346  12,934   0   8  49 302  422
 45  41,948  35,684   0  15  33 493  613
 
[Delivery]
 46   5,293  33,895   0  -9 20 242  362
 47  39,612  41,714   0  -5 20  86  206
 48  37,150   7,767   0 -16 20 480  600
 49  20,410  42,960   0 -20 20  19  139
 50  39,731   3,207   0 -10 20 597  717
 51  13,064  46,942   0 -20 20 262  382
 52  11,596  17,549   0  -6 20 123  243
 53  35,094  10,910   0 -18 20 402  522
 54  15,455  49,859   0  -7 20  78  198
 55   9,693   8,836   0  -9 20 146  266
 56  12,492  13,799   0  -8 20 244  364
 57  24,334  41,503   0 -18 20 422  542
 58  13,111  48,089   0 -12 20 176  296
 59  24,422  33,443   0 -12 20 442  562
 60  25,272  28,466   0 -15 20 127  247
 61  42,778  11,453   0  -7 20 378  498
 62  39,423  13,020   0 -14 20 569  689
 63  32,147  17,898   0 -14 20 419  539
 64  10,796   9,047   0 -19 20 405  525
 65  30,328  42,175   0  -7 20 516  636
 66  47,221  23,289   0  -7 20 511  631
 67  40,113  10,096   0  -6 20 179  299
 68   1,045  18,115   0 -11 20 310  430
 69  49,688  11,707   0  -7 20 378  498
 70   4,499   3,554   0 -19 20 252  372
 71  48,159  31,667   0 -11 20 304  424
 72  25,973   5,136   0 -16 20 222  342
 73  43,619  12,027   0  -8 20 462  582
 74  14,434  22,330   0 -13 20 559  679
 75  21,136  12,236   0 -12 20 572  692
 76  20,912  47,276   0  -5 20 213  333
 77  26,269  36,998   0 -15 20 354  474
 78  48,913  24,144   0  -8 20 428  548
 79  47,721  49,908   0 -11 20 319  439
 80  22,170  47,329   0 -16 20 266  386
 81  15,551  40,756   0  -9 20 537  657
 82  34,908   1,211   0 -12 20  57  177
 83  26,956   3,396   0  -5 20 147  267
 84  13,282  37,101   0  -9 20 371  491
 85   9,559   8,658   0  -7 20 438  558
 86   1,850  21,646   0 -18 20 201  321
 87   0,603  36,973   0  -5 20 270  390
 88  32,309  40,291   0 -16 20 595  715
 89  23,737  12,122   0  -8 20 323  443
 90  23,149  43,945   0 -15 20 513  633

[Speed 0]
  0,0 120,0 0,0 0,5
120,0 600,0 0,0 0,81
600,0 720,0 0,0 0,5 
720,0 840,0 0,0 0,81

[Speed 1]
  0,0 120,0 0,0 0,67
120,0 600,0 0,0 1,33
600,0 720,0 0,0 0,88 
720,0 840,0 0,0 1,33

[Speed 2]
  0,0 120,0 0,0 0,88
120,0 600,0 0,0 1,33
600,0 720,0 0,0 0,67 
720,0 840,0 0,0 1,33

[Speed 3]
  0,0 120,0 0,0 0,85
120,0 600,0 0,0 1,5
600,0 720,0 0,0 0,85 
720,0 840,0 0,0 1,5

[Speed 4]
  0,0 120,0 0,0 1,0
120,0 600,0 0,0 2,0
600,0 720,0 0,0 1,0 
720,0 840,0 0,0 2,0


[speed choose matrix]
1 4 1 3 1 1 1 1 1 3 4 3 1 2 1 1 0 1 0 3 2 0 0 2 3 1 1 4 2 4 2 1 0 3 1 3 4 2 1 3 0 2 0 2 2 3 0 4 3 3 0 2 4 4 3 1 1 4 0 3 3 0 1 0 1 3 0 3 1 3 1 2 0 1 0 4 4 2 3 1 2 2 4 4 2 0 0 2 2 4 2 2 
3 3 1 0 2 0 1 4 1 4 2 1 0 3 1 1 0 2 4 1 4 2 3 2 3 2 1 0 3 3 4 1 4 1 2 0 0 3 0 1 1 1 3 2 0 2 3 3 1 2 2 3 0 4 2 2 2 0 0 1 1 0 3 1 1 2 2 3 4 2 0 0 3 1 4 0 3 2 3 1 4 4 4 0 0 2 0 1 2 2 0 1 
4 2 1 3 0 1 1 1 1 0 4 4 0 3 2 2 3 4 4 2 4 0 1 0 0 3 0 3 0 0 2 0 3 0 3 2 0 2 1 0 4 1 3 2 0 3 4 1 2 1 3 1 3 4 0 1 4 2 3 1 3 4 3 3 4 4 0 3 1 0 4 2 4 2 0 1 4 4 2 3 0 1 4 0 3 2 1 4 2 0 4 0 
4 3 1 2 1 1 1 1 2 2 0 2 4 1 2 0 3 0 2 2 0 2 4 0 1 4 2 1 4 2 0 0 3 1 1 2 2 0 2 1 4 1 1 2 1 0 4 2 0 1 0 0 3 3 4 0 1 2 3 3 4 2 4 1 2 0 2 1 1 2 4 1 3 4 4 0 4 3 3 1 1 1 3 0 1 3 2 4 4 0 1 1 
0 2 3 2 0 1 3 0 0 0 3 3 0 3 2 1 1 4 1 3 3 3 0 3 4 2 3 0 3 1 1 3 2 3 3 3 0 2 3 0 3 1 3 2 3 2 2 0 3 4 0 4 3 4 2 1 0 2 2 4 2 2 2 0 1 1 1 1 2 4 2 2 2 0 3 0 4 1 1 4 3 2 4 2 4 1 1 4 3 1 2 1 
3 3 1 3 4 3 3 3 1 4 1 4 1 4 2 0 4 2 3 4 3 0 2 3 1 0 1 0 0 3 2 0 2 4 3 4 2 4 4 2 1 1 3 3 2 2 1 1 2 4 0 1 1 4 2 1 0 4 0 3 0 0 0 1 1 0 1 1 4 1 2 3 4 2 3 3 2 1 3 0 0 1 3 4 3 3 4 4 2 0 2 0 
0 2 4 4 3 3 0 3 2 0 3 1 1 2 3 4 0 2 3 4 0 3 1 3 1 1 1 0 3 3 1 3 1 1 4 2 4 3 1 4 2 2 0 3 0 1 4 3 4 2 4 3 4 0 2 0 4 0 2 2 2 0 2 1 1 1 3 2 2 1 0 2 3 2 2 0 2 4 2 0 4 0 3 1 0 4 3 3 4 4 2 0 
0 3 2 3 1 3 2 3 4 0 3 2 4 3 4 1 1 4 0 3 3 1 3 1 3 4 4 2 1 4 4 0 1 2 0 4 1 1 0 0 4 4 1 3 2 1 1 3 0 1 1 0 2 3 1 3 0 4 1 4 0 2 1 2 2 4 0 4 2 1 2 4 0 4 3 1 1 1 1 2 1 0 1 3 1 4 3 1 1 0 4 1 
4 3 1 1 1 3 3 2 3 2 1 1 4 1 2 0 3 4 2 4 0 2 2 0 2 1 1 0 3 3 1 0 2 1 4 1 2 3 1 1 4 0 4 2 1 1 0 0 0 4 3 4 1 2 4 1 1 1 0 3 1 0 4 2 3 4 1 4 1 1 4 1 3 0 2 1 3 0 2 2 2 1 4 1 3 2 3 0 0 1 1 2 
0 4 0 2 1 1 4 4 1 1 0 2 2 1 3 2 4 0 3 3 2 1 0 3 1 2 4 1 3 3 1 3 0 0 1 1 4 0 1 0 2 4 1 4 1 2 2 1 4 3 2 1 1 3 4 2 4 2 0 2 1 1 3 4 0 0 1 1 4 1 3 2 3 1 4 0 2 1 3 1 2 1 1 3 4 0 3 2 0 0 0 3 
0 1 4 2 4 3 3 2 3 4 3 4 3 3 3 2 1 3 2 3 4 0 2 0 2 4 4 2 0 2 2 3 0 3 4 1 3 2 0 2 3 2 1 1 2 3 3 4 2 3 4 2 0 1 2 0 2 1 1 1 1 3 2 3 0 2 4 3 4 0 1 4 3 0 0 3 4 1 3 2 1 0 2 1 3 2 4 0 0 2 4 3 
1 2 4 0 3 0 2 0 1 1 0 0 0 1 3 0 2 4 4 2 4 2 1 0 3 2 2 0 1 1 3 2 3 0 0 3 1 4 2 1 1 2 3 2 3 0 4 1 1 1 4 1 0 0 2 1 4 2 1 3 3 0 0 1 1 3 0 3 0 4 0 2 2 3 3 3 4 2 3 1 1 3 1 0 0 3 2 2 3 3 4 4 
1 0 3 2 1 0 2 1 3 3 1 3 0 3 1 4 2 0 1 1 1 1 2 3 0 0 1 4 2 1 0 4 3 1 2 2 2 3 0 0 3 4 3 0 2 2 1 1 1 4 0 3 0 0 3 4 3 0 3 3 4 2 1 4 4 0 3 3 4 4 2 4 3 3 0 0 4 4 0 3 1 2 4 3 3 1 0 0 4 1 1 4 
1 2 2 0 3 0 2 1 3 3 3 3 3 2 4 0 4 3 3 0 0 1 4 3 4 2 2 4 0 1 4 3 0 3 0 0 1 4 0 3 1 1 1 3 3 0 4 2 1 3 2 1 3 3 4 2 0 2 1 2 3 1 4 2 1 3 2 0 3 4 3 0 0 2 4 0 0 3 4 2 0 0 0 0 1 0 0 1 4 3 2 1 
2 4 3 2 2 0 2 0 3 0 4 1 1 0 0 3 3 0 3 2 3 1 2 1 0 0 3 0 1 3 0 4 2 0 4 1 2 3 1 4 1 2 2 0 2 0 0 1 0 2 0 3 2 4 4 3 4 3 0 1 4 2 0 4 0 1 3 1 0 1 1 3 1 1 3 4 0 2 1 0 0 2 3 1 0 2 1 3 1 0 1 4 
1 3 1 3 0 3 0 4 4 1 4 0 0 1 0 3 0 4 4 1 3 1 4 3 4 2 0 4 4 3 3 3 4 3 2 3 4 4 1 4 1 0 0 2 1 2 2 0 4 1 3 4 4 2 3 0 3 1 2 4 4 4 4 3 4 1 1 0 4 3 3 3 2 0 3 2 4 2 4 2 0 1 1 4 1 4 1 3 4 2 0 0 
4 1 4 0 3 0 2 3 0 1 2 0 4 2 0 3 1 1 2 4 0 4 2 3 3 2 1 3 3 2 3 1 4 3 1 1 2 0 1 2 3 3 0 4 0 1 0 3 3 1 0 0 3 2 0 4 1 3 0 4 1 3 4 2 4 4 1 1 3 1 4 0 2 1 0 3 1 1 4 1 0 3 2 0 2 3 4 3 2 0 1 4 
3 3 2 1 3 3 4 1 4 3 1 2 2 3 4 1 2 3 2 2 0 0 2 3 1 1 1 4 3 0 0 3 1 2 3 4 4 0 4 1 2 0 4 3 4 0 2 2 1 2 3 4 0 3 3 1 4 0 4 1 0 2 2 1 2 0 1 4 3 2 0 0 1 0 2 4 4 3 2 0 4 3 1 3 3 0 1 0 1 2 3 4 
1 4 1 2 2 0 3 3 1 1 3 2 4 1 4 0 1 3 2 3 4 3 1 2 4 2 4 0 0 0 1 4 3 4 2 2 4 0 0 2 0 1 3 0 4 0 0 1 4 1 4 1 2 2 0 4 3 4 1 3 3 0 4 2 1 1 1 1 2 2 0 0 3 4 2 2 2 2 4 2 1 4 3 3 1 0 1 0 3 1 2 2 
4 2 1 2 2 0 4 3 2 2 4 4 4 3 4 3 2 1 3 1 4 3 2 4 0 3 3 0 3 2 3 2 4 3 0 2 1 2 0 2 2 0 2 0 2 4 0 0 3 4 1 1 4 2 4 0 2 2 3 1 1 2 1 4 1 3 1 4 4 4 2 2 4 1 4 1 1 2 1 3 1 4 3 2 3 1 2 2 1 1 2 2 
3 3 2 0 4 2 4 4 2 4 0 1 1 1 3 1 2 1 4 3 0 2 2 2 4 2 2 4 3 0 2 0 0 4 2 2 2 1 3 4 1 1 2 1 4 2 2 4 0 2 2 2 2 4 0 4 2 1 0 2 3 1 0 1 1 4 3 1 1 2 1 1 3 1 3 0 2 2 2 0 2 4 1 1 3 2 4 4 4 3 0 0 
0 4 0 4 4 1 0 1 2 2 1 0 1 3 4 0 2 1 0 3 1 4 4 0 4 4 1 2 2 2 1 1 2 0 0 3 0 0 2 3 4 2 2 0 3 1 4 3 3 1 2 4 0 1 2 4 3 1 4 0 0 0 3 1 2 2 1 1 3 1 1 2 1 0 1 4 3 0 2 3 3 4 1 0 3 4 2 3 0 1 0 2 
1 3 3 4 0 3 1 2 2 2 4 1 3 3 1 2 3 2 2 1 4 3 0 3 3 4 1 0 4 3 0 2 0 3 2 2 0 1 2 0 3 2 2 4 0 0 1 0 0 1 4 3 0 4 1 3 3 0 0 3 3 0 0 1 2 0 3 3 4 0 0 2 1 0 4 4 2 0 4 4 1 1 4 4 3 2 1 4 4 4 4 0 
2 2 0 0 0 0 4 3 2 0 4 2 3 0 0 4 2 0 4 2 0 4 4 2 0 3 0 4 3 3 4 1 4 4 3 0 4 0 3 3 4 0 1 0 4 1 1 3 0 0 0 0 1 4 0 0 2 0 1 0 4 0 1 2 2 0 3 0 1 4 2 4 3 1 4 3 2 0 1 2 1 1 3 0 1 4 2 0 2 4 1 1 
4 2 3 0 3 3 4 0 0 3 0 1 0 1 4 3 0 1 1 1 1 4 1 0 1 3 2 2 4 0 1 2 2 2 0 3 2 0 2 0 2 0 4 4 0 2 3 4 1 0 3 2 4 3 4 3 2 1 2 2 4 2 2 1 2 3 4 2 2 4 4 3 1 4 2 3 2 2 1 0 4 4 1 3 0 1 4 0 3 4 1 4 
4 1 3 3 1 3 0 2 3 0 0 2 1 3 4 4 4 4 3 1 1 4 2 3 1 2 0 2 3 0 2 1 4 4 2 3 4 0 1 3 0 2 1 4 3 1 3 1 4 3 0 3 1 0 3 3 4 4 1 3 0 2 2 2 1 0 4 0 4 2 2 0 0 4 0 2 3 1 1 4 3 2 4 0 4 4 0 1 0 2 2 2 
0 4 2 3 3 2 3 1 4 0 4 1 2 1 2 4 2 0 4 1 4 1 1 0 0 1 2 3 4 4 1 4 3 4 0 1 4 4 2 1 4 1 1 4 1 3 2 2 3 1 1 2 3 1 1 0 1 0 4 4 0 2 3 3 2 0 4 0 1 2 1 4 2 2 2 4 1 1 0 3 1 4 4 4 1 1 0 2 2 0 0 3 
0 3 0 0 2 1 0 4 0 3 3 3 4 3 1 4 0 0 4 0 4 2 0 0 3 2 2 4 0 0 0 2 3 2 2 4 1 1 0 1 1 2 1 3 3 0 3 1 0 2 3 3 0 1 2 3 3 3 1 2 2 1 1 1 0 1 3 4 1 0 4 2 0 0 3 0 3 1 0 0 4 2 2 0 3 3 2 3 3 1 0 1 
1 4 2 2 1 1 3 0 3 4 0 4 1 0 1 0 1 2 1 4 4 1 2 3 2 0 2 1 0 2 2 4 1 3 3 3 0 2 4 2 3 4 4 0 4 0 0 0 3 3 4 4 4 1 3 2 4 1 4 4 2 0 4 0 1 1 2 4 0 2 2 3 1 0 3 3 3 0 4 1 3 3 4 1 2 3 1 0 4 2 1 2 
4 4 3 4 0 0 2 1 4 0 4 4 1 1 0 0 2 3 1 0 2 2 1 3 3 4 2 2 4 1 0 4 2 1 4 2 0 4 4 0 4 4 0 0 4 3 0 0 2 0 4 2 2 1 2 0 0 4 1 3 3 0 4 0 0 1 4 1 3 4 1 4 3 4 0 4 4 4 0 3 2 0 1 4 1 3 0 0 3 4 2 0 
3 2 3 4 1 4 0 0 1 1 1 4 0 3 4 0 3 2 3 2 0 2 0 4 2 1 3 0 2 3 3 0 4 0 0 0 3 2 4 1 4 1 1 4 3 1 1 3 4 0 3 3 2 4 1 1 1 0 1 3 0 0 4 0 4 4 3 2 0 4 2 0 1 0 3 0 0 4 4 4 0 2 3 1 0 3 0 1 3 0 3 0 
2 0 1 4 1 2 1 3 2 0 0 4 0 3 0 0 0 4 4 1 2 4 0 3 2 3 1 3 1 3 1 1 0 4 4 4 1 3 1 0 1 1 0 2 3 2 0 1 2 3 3 3 4 4 4 0 1 0 2 1 2 3 1 0 1 4 0 3 0 0 0 4 4 1 0 3 0 1 3 2 3 1 0 3 4 0 3 0 4 4 4 1 
3 4 1 1 3 4 3 1 0 0 1 1 3 4 4 2 4 3 2 2 2 1 4 3 3 2 1 0 0 0 1 4 3 3 1 1 1 3 0 0 1 0 1 3 0 2 3 0 0 2 1 1 2 3 0 3 1 2 2 0 4 2 2 1 3 1 3 4 2 2 1 2 3 0 3 4 0 1 1 4 2 1 2 0 3 2 2 3 1 4 1 3 
1 2 2 2 3 4 1 4 0 4 2 2 2 4 3 3 3 4 3 0 2 0 0 0 2 1 0 1 2 2 0 1 2 1 4 3 4 2 3 4 0 3 1 0 0 2 3 1 0 0 0 4 0 1 3 4 1 4 4 4 3 4 4 3 2 0 4 2 3 2 0 1 0 2 4 3 2 0 0 0 0 1 2 3 0 3 2 1 3 2 1 1 
2 1 4 3 2 2 0 0 2 3 0 2 2 3 0 3 4 0 3 0 2 4 3 2 1 1 2 4 3 4 3 3 1 4 4 1 4 0 3 2 4 3 2 3 1 1 0 2 1 3 3 3 2 3 1 0 1 0 0 2 2 0 2 4 0 1 3 0 1 3 3 2 0 2 3 4 1 4 3 1 3 4 3 1 4 2 4 2 1 3 4 2 
2 3 1 2 2 3 2 3 2 4 0 2 3 1 0 0 0 3 4 4 1 0 4 4 3 3 3 1 3 1 0 2 2 1 1 1 4 4 3 3 3 3 4 2 3 0 4 4 0 1 4 4 0 2 3 4 3 3 0 2 0 0 0 4 0 1 3 4 2 1 2 4 1 2 1 1 3 0 4 3 2 2 2 2 1 3 0 0 4 4 1 0 
4 1 1 3 2 0 2 3 4 3 1 0 1 4 1 4 1 1 1 4 3 3 4 4 4 1 4 1 2 1 4 2 1 1 3 1 1 2 3 0 3 2 0 4 2 1 0 0 3 4 2 4 3 3 1 0 1 4 1 1 4 3 0 4 1 0 1 4 0 3 0 0 4 0 1 1 3 2 3 2 3 0 4 3 4 3 1 0 4 4 0 3 
1 0 4 0 0 4 4 2 3 3 4 4 2 4 0 0 2 1 3 4 4 3 2 2 0 3 0 4 0 0 0 4 2 0 2 3 3 1 2 2 0 0 3 3 0 3 2 0 4 3 4 4 4 4 3 0 3 1 2 2 3 2 3 3 2 4 1 3 4 0 3 2 2 1 0 2 0 2 0 3 4 4 2 0 2 2 2 4 0 2 0 3 
2 2 4 0 0 3 2 4 2 0 3 0 3 4 4 4 3 0 4 2 2 3 3 4 1 0 0 0 4 4 0 0 4 3 1 2 4 1 0 2 1 2 3 3 2 1 1 1 2 1 2 3 3 2 0 1 4 1 4 4 3 2 2 2 4 0 2 0 4 4 2 4 0 4 0 1 1 2 1 4 0 4 4 0 3 1 2 3 3 2 0 4 
4 1 4 1 4 2 3 0 1 4 4 0 3 2 3 4 3 3 1 0 1 4 4 2 3 3 2 4 3 2 0 1 4 2 2 3 2 2 4 0 2 0 1 1 3 1 3 3 2 1 2 0 2 3 3 1 4 3 4 2 2 3 2 1 1 0 0 2 4 4 1 2 2 2 1 2 4 4 0 4 4 3 4 1 1 3 4 0 4 3 3 3 
4 0 2 3 2 0 0 4 4 4 4 2 3 1 4 3 1 0 3 1 1 2 0 1 1 3 0 0 2 4 2 0 0 0 2 4 3 0 2 0 3 3 4 2 2 1 4 3 3 4 3 4 2 3 3 4 2 1 0 4 4 3 4 3 0 2 4 2 0 0 2 1 1 4 3 3 1 0 2 3 2 4 2 3 1 0 3 0 3 1 2 3 
4 2 4 2 0 0 0 2 3 3 2 2 0 1 1 3 3 0 4 1 1 2 4 4 0 4 3 1 4 2 3 1 1 2 1 1 2 0 0 4 0 4 2 1 0 3 3 2 4 0 3 0 4 0 2 1 3 4 4 2 1 0 0 3 4 4 4 1 4 2 4 0 3 0 3 3 3 4 1 3 0 3 0 0 2 1 2 1 1 1 4 1 
3 4 2 2 0 3 0 1 4 3 4 3 0 4 2 4 4 2 0 1 0 0 1 3 0 3 1 4 1 1 2 4 2 0 2 0 2 2 1 1 4 3 4 1 2 0 3 3 1 3 2 4 4 4 3 1 2 3 4 4 1 0 1 1 0 4 1 3 2 2 2 2 1 2 0 3 4 4 0 1 0 3 0 1 4 2 3 3 0 2 2 0 
1 4 3 2 3 1 2 2 4 3 1 0 1 3 1 4 4 4 3 1 1 2 0 2 4 1 0 4 2 4 2 3 1 2 0 4 1 4 0 0 3 4 3 2 3 4 2 2 1 3 1 3 4 3 3 4 0 3 4 1 2 1 4 1 1 3 4 1 2 2 2 2 4 4 3 4 4 0 2 1 4 4 0 2 0 0 3 3 2 0 2 3 
1 0 2 4 3 4 2 4 0 3 1 1 2 0 4 0 2 4 2 0 4 4 2 1 0 4 4 2 2 2 3 4 0 3 3 2 0 0 0 2 4 2 2 3 4 0 3 1 3 0 0 0 1 4 3 4 1 4 1 0 3 4 1 3 2 0 3 1 4 4 2 1 2 2 3 0 0 3 3 2 0 1 2 1 3 4 2 1 4 0 0 2 
4 0 4 0 3 2 3 2 0 3 0 2 2 1 1 3 3 1 0 0 3 2 4 4 3 2 0 2 0 4 2 3 0 4 3 4 0 1 1 3 3 1 4 3 1 4 2 1 4 2 3 3 4 2 4 0 0 2 1 0 2 3 1 3 4 1 4 1 3 2 0 0 2 0 3 1 1 2 0 1 1 4 0 2 1 1 2 1 3 4 4 0 
4 1 3 1 0 3 2 0 0 4 1 4 3 3 2 0 4 2 3 4 3 4 2 0 3 3 0 3 3 0 2 2 3 3 3 4 4 4 1 2 2 0 4 4 1 4 2 1 2 3 3 0 1 4 4 2 4 4 4 2 4 3 2 1 0 4 0 2 3 4 3 2 2 2 4 2 1 1 2 2 3 0 4 0 2 4 2 2 0 2 4 1 
2 0 3 3 0 0 1 1 3 2 1 3 0 2 3 4 1 0 2 4 2 3 1 0 2 4 1 0 3 2 0 0 1 3 4 2 4 1 4 0 2 1 0 1 0 0 3 4 0 2 2 3 1 2 3 1 2 4 1 1 1 4 2 2 2 4 0 3 3 3 0 2 3 2 0 3 1 4 1 3 0 4 3 4 1 4 4 0 3 1 1 1 
2 4 1 1 2 1 4 2 4 1 2 2 4 4 3 0 0 4 1 3 0 0 4 3 0 0 2 4 4 2 2 4 3 0 2 4 2 3 2 3 4 2 3 3 0 4 4 1 1 3 3 3 4 1 4 4 1 0 0 2 0 1 2 0 0 0 2 0 0 3 4 3 2 3 3 3 4 4 2 4 0 3 2 0 1 1 3 4 1 2 4 4 
0 2 2 3 1 4 4 1 2 2 0 0 1 2 2 1 4 1 1 0 1 2 2 2 3 2 4 2 4 3 3 2 1 2 3 4 4 4 4 4 3 2 3 3 3 4 1 2 1 2 2 4 3 2 1 1 2 0 1 1 1 0 3 3 1 2 4 1 1 3 4 1 1 2 0 0 0 3 4 2 4 0 0 4 4 2 4 4 1 1 2 0 
0 4 1 4 1 2 4 4 4 2 2 1 2 4 4 3 3 2 2 0 1 4 1 0 1 2 0 1 0 1 2 4 0 4 0 2 0 2 3 4 0 0 4 0 2 4 4 1 0 2 2 0 1 4 3 2 0 2 3 1 0 3 1 0 3 0 2 2 4 4 0 1 3 3 1 1 2 0 1 0 3 1 2 1 3 2 3 2 4 4 4 0 
3 0 2 3 4 2 3 1 2 2 3 1 4 3 2 3 2 1 0 2 0 4 3 4 0 2 4 1 1 1 4 1 1 3 0 0 4 4 2 1 4 3 4 3 3 2 0 2 1 0 1 0 3 0 2 3 1 4 0 4 1 2 1 4 0 1 0 1 3 0 1 1 3 3 2 0 2 2 2 2 4 3 1 2 2 4 1 0 0 4 0 2 
2 1 3 3 3 1 0 0 2 1 2 4 0 4 1 0 2 0 1 4 1 2 2 0 2 3 4 2 1 0 1 0 0 3 3 3 1 0 1 2 4 3 1 1 3 2 2 4 3 4 3 0 0 2 4 1 3 1 4 1 0 0 4 3 3 1 0 1 3 4 0 0 1 2 2 1 2 3 0 1 1 3 0 0 3 3 4 3 3 4 4 3 
2 4 4 1 3 1 2 2 1 3 1 1 1 1 2 1 4 2 1 3 0 1 0 3 0 3 3 3 1 3 1 1 3 3 0 1 2 1 1 0 4 2 4 0 2 2 4 3 4 3 1 3 2 0 3 0 2 4 3 3 3 1 2 0 0 3 2 2 3 2 4 2 2 3 3 1 4 3 4 1 0 4 4 1 1 1 2 4 3 3 4 2 
0 0 2 0 3 1 0 4 3 0 0 3 4 4 2 1 0 1 3 3 4 4 2 4 1 3 0 1 4 0 1 1 2 4 0 1 0 1 1 2 0 4 0 1 0 1 3 4 1 3 4 4 3 3 2 0 3 0 2 2 3 0 4 2 1 2 1 2 2 4 1 3 3 2 0 3 1 1 1 0 1 4 0 2 2 1 3 4 2 1 3 0 
1 1 3 2 0 1 4 3 1 2 2 0 1 0 3 1 4 2 2 2 0 1 3 2 4 3 1 1 4 3 4 3 1 4 4 1 1 2 1 2 2 0 1 3 0 0 4 3 4 0 2 3 0 1 3 3 1 2 4 4 4 0 1 3 2 0 0 2 3 3 0 3 1 1 0 1 1 0 2 0 1 1 2 3 1 1 2 4 3 3 3 0 
3 1 0 1 1 1 3 3 1 1 4 2 2 1 4 0 3 1 3 1 1 4 3 4 4 1 3 2 0 2 3 2 4 3 1 4 1 4 2 4 3 0 3 1 2 4 0 4 3 3 0 3 0 4 3 2 4 2 2 1 1 0 1 1 1 0 0 1 1 4 1 0 1 1 4 3 1 4 3 0 2 1 2 2 0 3 1 2 3 1 4 2 
0 1 4 3 0 3 3 3 1 2 2 1 4 0 3 4 0 0 1 3 0 2 0 4 0 4 4 3 4 4 0 0 2 3 2 2 2 3 1 4 4 1 2 0 1 2 4 2 1 2 2 0 4 2 2 1 0 3 2 3 2 0 4 4 1 4 0 2 3 2 0 3 0 1 4 0 4 1 0 1 3 3 2 2 0 4 1 3 2 1 0 1 
2 3 4 3 2 4 0 1 4 3 3 2 3 3 2 2 1 3 1 4 3 4 0 4 2 3 4 4 0 1 4 0 2 1 1 3 1 3 1 2 0 0 2 1 1 3 1 3 3 1 4 3 0 2 0 0 1 0 4 1 4 1 2 4 4 0 2 3 4 0 0 3 4 4 4 3 2 3 4 1 3 0 2 4 1 0 1 0 1 3 2 0 
0 0 0 1 4 0 2 1 1 0 3 1 1 3 1 2 3 2 4 3 0 1 4 0 0 0 0 0 0 3 0 0 2 2 0 3 1 3 3 2 0 4 0 2 2 2 1 1 1 4 0 2 4 0 4 2 4 3 0 0 4 2 3 0 1 2 3 2 4 2 1 0 0 2 0 1 1 3 1 2 3 2 0 1 1 4 2 3 3 4 2 1 
4 1 0 1 2 4 3 4 2 4 0 4 2 4 3 2 3 2 2 0 1 0 3 3 0 2 3 3 0 3 0 0 0 1 3 1 3 1 0 1 1 0 1 3 3 4 2 4 1 0 3 1 3 0 3 4 2 2 3 4 2 1 2 0 3 4 3 0 1 2 1 4 1 3 3 1 1 2 2 0 3 4 3 3 2 2 3 2 1 0 1 2 
1 0 1 2 1 1 4 1 0 0 2 2 3 1 4 3 3 3 4 3 4 4 2 0 4 4 1 4 3 1 2 4 2 3 0 4 4 3 0 1 1 4 2 3 2 1 0 0 2 0 1 4 0 3 3 2 2 0 2 0 1 3 2 4 0 0 0 3 4 2 0 2 2 0 1 3 1 1 3 4 3 0 4 1 1 1 3 0 0 2 2 0 
1 3 3 0 1 0 3 1 3 1 1 0 3 4 1 2 0 0 2 1 3 4 2 1 4 3 1 2 1 0 3 3 1 1 0 4 1 4 1 1 0 4 1 0 3 1 3 2 2 0 0 0 2 2 4 2 2 2 4 3 0 1 2 3 1 1 4 2 1 0 2 1 2 1 0 1 3 3 1 4 1 0 3 0 2 3 0 2 2 1 2 0 
4 1 4 2 2 1 2 3 4 4 2 2 3 3 2 1 0 0 0 2 4 2 4 1 0 4 0 3 0 4 3 0 0 1 0 4 0 4 4 2 4 0 1 1 2 1 1 0 3 3 3 2 2 0 1 4 0 1 1 3 0 4 0 0 1 2 3 0 2 1 4 0 2 0 1 4 1 0 2 2 3 2 1 2 4 1 4 3 0 0 3 4 
1 0 0 2 2 0 0 2 0 3 3 4 0 0 0 4 4 2 3 1 3 2 4 2 0 0 4 2 4 2 3 0 2 3 3 2 3 1 3 3 0 0 0 1 0 0 3 1 3 4 1 1 3 0 0 1 0 1 2 4 3 1 0 4 2 1 1 1 1 2 2 4 1 1 3 3 3 4 2 1 3 1 0 2 0 3 1 4 3 3 1 1 
0 0 4 1 1 1 0 1 4 0 1 4 1 2 4 4 1 2 4 3 1 4 2 0 1 1 0 3 0 3 4 1 2 0 1 0 1 4 1 0 0 4 0 0 3 1 4 2 3 1 0 0 2 3 3 2 3 2 4 4 3 3 1 0 3 1 2 0 2 2 0 2 4 3 1 3 3 3 2 0 3 2 3 4 2 4 4 2 3 4 4 3 
4 1 3 0 1 0 1 2 2 2 3 3 4 1 3 0 0 1 0 3 1 2 3 0 4 1 1 0 1 4 3 2 0 3 2 0 2 2 1 2 3 3 3 4 1 3 3 0 4 3 0 1 1 1 0 1 2 0 2 1 1 3 4 2 3 4 4 2 1 2 4 4 4 3 2 1 3 2 3 3 0 3 3 2 3 0 1 4 1 4 2 4 
1 4 2 0 2 2 3 3 1 3 4 4 3 3 3 3 2 3 2 4 1 3 3 3 3 3 4 3 0 0 3 4 2 0 0 2 1 3 0 1 1 0 4 4 0 4 0 1 3 0 1 3 0 3 2 4 3 0 0 3 0 1 1 2 4 2 2 0 3 4 2 1 2 4 3 4 2 3 0 3 3 3 3 1 1 0 4 2 0 4 0 3 
0 4 4 1 1 3 1 1 1 3 3 0 0 3 1 1 0 1 3 4 2 1 1 0 4 1 4 0 4 4 4 3 0 1 1 1 1 2 4 4 1 3 2 4 3 0 0 3 1 1 2 2 2 4 0 2 1 4 3 4 3 2 3 2 2 2 3 4 4 0 4 4 4 2 2 3 0 3 0 2 2 0 1 0 4 1 0 2 3 1 4 2 
2 1 4 2 4 4 0 1 1 0 1 1 1 4 0 3 4 0 2 0 2 0 2 2 4 4 3 3 0 4 1 0 2 3 3 3 0 1 3 3 0 3 1 1 3 1 2 0 4 0 0 2 4 4 3 3 3 0 2 1 0 3 1 3 4 2 0 2 0 1 1 2 1 0 4 2 1 2 3 2 3 4 2 3 2 2 2 0 0 3 1 3 
3 4 3 4 4 0 3 0 3 2 3 4 2 4 2 0 1 4 2 0 0 0 0 1 2 3 1 4 2 4 2 2 0 3 4 1 0 2 2 1 2 3 1 3 3 1 0 1 1 0 4 0 3 2 4 0 3 1 2 1 1 3 1 0 4 4 1 2 1 2 0 1 2 2 0 0 3 3 1 0 1 3 4 0 0 4 4 0 3 2 3 1 
1 0 2 2 0 1 1 3 1 3 2 0 0 4 1 2 0 0 2 4 2 4 2 0 3 3 0 2 4 3 4 1 4 2 1 0 3 1 1 3 2 4 2 4 0 0 3 4 2 2 4 3 0 0 2 2 0 3 2 0 0 4 2 0 4 3 1 1 1 4 2 2 1 0 3 3 3 1 4 2 4 2 1 3 4 0 2 2 0 3 2 0 
4 4 2 0 3 2 0 3 4 1 1 1 4 2 2 1 4 3 3 3 1 0 4 1 1 0 1 3 3 0 1 3 0 2 1 0 4 2 1 2 1 1 3 2 4 1 1 2 4 0 3 4 3 4 1 3 0 0 0 3 4 3 4 2 1 3 4 4 1 1 1 0 0 0 1 1 1 1 2 0 0 4 1 2 2 1 2 2 4 3 0 4 
3 1 1 1 4 3 0 1 0 0 2 0 0 4 1 2 2 2 1 0 2 2 4 2 0 1 3 0 2 4 0 2 3 3 1 0 1 2 2 1 3 2 1 4 0 4 4 1 2 2 1 3 3 4 2 2 3 2 3 2 0 0 3 4 1 1 2 3 0 4 2 4 2 2 1 0 0 3 1 3 0 1 4 1 4 1 0 2 1 4 4 2 
1 2 3 4 4 3 1 0 2 3 1 0 4 3 1 2 1 2 0 3 2 4 1 4 2 2 4 4 3 2 1 1 3 0 1 3 1 2 0 3 4 1 0 2 0 2 0 4 2 1 2 1 1 4 0 3 2 1 1 2 3 4 1 1 1 3 2 2 1 0 1 4 2 1 3 3 3 2 4 4 2 4 0 2 3 4 4 2 2 3 3 3 
1 1 3 0 4 3 2 4 4 2 3 1 3 4 4 4 4 4 1 1 3 4 4 4 1 0 3 3 1 0 1 4 1 4 3 3 4 0 4 2 3 4 0 4 4 4 4 4 3 4 2 1 3 1 4 4 3 3 0 0 4 3 4 2 1 3 2 3 4 3 4 3 4 1 1 0 3 1 0 3 1 1 4 0 3 3 3 0 0 2 1 0 
2 2 1 2 3 2 4 0 3 1 0 0 0 2 4 1 4 2 1 4 2 3 0 0 1 1 4 3 2 2 1 0 0 2 3 4 2 4 2 1 2 4 3 4 3 3 0 2 4 3 2 0 1 3 0 0 4 3 1 1 2 2 2 3 4 4 1 4 1 0 2 0 1 0 2 2 1 1 0 2 2 2 4 1 3 0 0 4 0 1 2 2 
0 3 1 2 2 3 1 3 2 1 3 0 2 3 2 3 4 3 0 3 0 0 4 3 0 2 4 2 2 0 0 3 2 0 0 1 0 3 1 4 1 4 0 4 0 3 1 1 0 1 3 0 3 2 4 3 2 1 1 1 4 0 4 1 4 2 1 3 0 2 4 3 4 1 1 1 4 1 1 3 0 2 1 4 0 1 0 4 3 3 0 1 
3 0 0 1 3 4 4 1 1 3 4 3 0 0 3 0 2 0 1 1 4 2 1 2 2 0 0 4 4 0 1 3 3 4 0 4 0 0 3 3 0 2 0 0 4 4 2 4 2 4 1 0 4 3 4 0 4 4 3 2 3 1 4 2 1 1 2 0 2 2 3 3 2 1 2 3 4 4 2 3 3 3 3 3 4 0 0 2 3 2 1 0 
4 2 2 4 2 1 0 1 4 0 0 2 2 1 0 2 3 0 1 2 4 2 0 2 3 3 3 1 2 0 1 3 4 1 1 4 2 0 2 4 1 0 1 4 1 0 0 0 3 1 1 1 2 1 1 0 2 2 2 1 4 4 3 3 4 2 0 2 3 4 3 0 2 2 2 1 1 1 2 3 4 0 0 1 4 0 1 1 3 4 2 0 
1 1 3 0 2 3 1 0 3 1 0 3 0 1 4 4 2 1 2 4 4 1 3 3 2 2 4 4 2 4 3 4 0 1 2 0 4 4 4 3 4 4 0 3 2 1 3 3 4 1 2 3 0 0 3 2 1 3 4 0 4 2 3 3 2 3 4 3 2 1 4 4 0 0 0 0 0 0 3 2 2 1 2 1 0 1 3 0 4 4 3 1 
0 4 1 4 1 4 4 0 4 1 4 3 3 4 4 3 2 2 2 0 2 1 3 2 0 0 0 0 1 2 2 4 0 4 3 3 1 4 3 1 2 2 0 4 0 1 3 0 4 1 0 1 1 3 3 3 1 1 3 0 4 4 2 0 3 1 1 4 3 1 3 3 1 0 0 3 3 4 3 2 3 2 1 3 4 0 2 0 2 1 4 0 
3 4 1 2 4 1 0 1 4 2 2 1 3 4 3 2 3 4 0 3 0 4 0 4 1 2 2 3 0 2 4 4 2 2 3 0 0 0 3 4 3 2 4 3 2 1 2 1 3 1 3 0 3 3 4 3 0 2 3 4 2 1 4 0 2 2 1 4 0 0 3 2 0 4 0 3 3 0 2 1 1 1 3 0 3 3 0 1 4 2 0 0 
3 2 3 4 0 0 0 4 4 4 0 1 3 1 0 4 0 4 3 3 1 1 0 3 4 4 0 1 3 2 4 0 1 4 3 3 1 1 0 4 2 4 1 1 0 1 3 0 3 2 3 0 4 0 1 3 3 1 0 4 4 0 1 4 3 3 2 1 1 2 0 0 3 1 4 4 2 2 3 4 2 3 1 0 3 0 1 0 0 2 3 3 
0 2 2 1 2 3 1 3 0 0 3 3 1 1 2 4 1 4 3 3 0 2 4 2 4 2 4 3 3 1 4 0 3 4 0 3 1 3 4 4 3 0 2 3 0 1 0 4 1 4 3 0 2 4 0 4 3 4 3 0 1 2 1 0 2 0 1 1 4 4 1 2 4 0 3 3 4 1 3 0 0 2 1 0 4 3 1 2 0 4 4 3 
1 3 2 4 4 1 3 4 0 4 2 3 0 1 0 1 1 1 3 4 4 4 4 2 0 2 2 0 1 1 3 1 1 4 0 3 1 1 3 1 2 2 1 2 0 1 0 3 2 3 4 0 1 2 2 3 2 3 1 0 3 1 3 0 0 3 4 0 3 3 3 4 2 0 4 3 3 0 1 4 1 3 3 0 2 1 1 1 4 2 4 2 
0 4 0 3 4 4 1 0 0 2 2 2 4 1 4 4 2 3 2 3 3 4 0 0 4 0 3 3 0 2 2 1 4 4 3 1 4 2 2 3 3 3 2 0 1 4 4 2 1 3 3 2 2 4 2 3 2 3 4 3 3 2 1 1 4 0 0 4 1 4 1 4 4 3 0 4 1 3 4 4 2 1 1 2 0 1 1 0 3 3 2 2 
2 1 0 3 3 0 4 3 3 0 3 0 3 4 3 0 0 1 4 4 3 4 3 0 1 2 3 1 2 0 3 4 4 3 3 2 4 4 0 2 0 0 2 2 4 4 1 0 1 3 1 3 1 2 3 4 1 2 0 4 2 1 2 0 1 3 0 3 4 2 4 3 4 4 1 1 4 1 1 2 4 0 2 0 3 4 4 1 4 2 4 1 
2 3 3 4 2 3 2 1 3 3 0 2 4 0 3 0 0 3 3 4 0 3 4 0 0 4 0 2 0 0 2 3 2 3 1 2 4 3 0 1 1 0 0 1 1 2 2 2 2 2 2 1 0 0 2 3 2 1 3 3 1 0 2 4 4 0 2 2 4 1 4 2 3 1 1 4 1 2 1 3 3 3 4 0 4 1 2 1 1 2 4 3 
2 0 4 1 4 4 0 4 3 4 1 3 1 3 2 1 2 2 0 3 3 3 4 1 3 1 0 3 1 2 3 4 4 4 0 1 3 3 4 1 4 3 4 3 3 4 0 3 1 1 3 3 3 1 1 4 1 3 4 2 1 4 2 2 0 3 3 3 0 3 0 4 0 3 0 3 3 4 1 3 3 4 1 0 2 2 4 4 4 3 4 3 
3 0 2 1 2 1 3 4 0 3 0 1 0 1 1 4 4 4 4 0 3 2 1 4 3 0 3 1 2 3 2 2 2 1 3 2 1 4 3 1 4 2 0 3 3 2 1 3 0 2 3 1 4 0 2 2 2 4 3 3 0 2 1 4 0 2 2 0 3 1 1 4 4 1 2 4 4 3 4 3 2 4 3 2 1 4 2 0 2 3 2 1 
1 4 4 4 3 1 0 1 3 3 4 0 3 4 3 3 1 1 2 2 0 1 4 4 4 0 4 3 3 0 0 0 2 4 4 2 0 3 4 0 1 0 2 1 2 2 2 0 1 4 0 1 4 2 0 3 0 2 4 4 2 4 4 4 1 1 0 0 4 3 3 0 2 0 0 1 2 1 0 3 3 4 1 1 2 1 2 4 3 0 0 1 