3
20
840

[Depot]
  0  25,000  25,000   0   0   
 41  25,000  25,000   0   0

[Pickup]  
  1  45,479  47,350   0   9  28 200  320
  2  14,637   2,649   0   5  59  40  160
  3  31,784  39,682   0  16  45 448  568
  4  22,594  49,458   0  20  17  13  133
  5   1,279   7,844   0  10  31 559  679
  6  49,591   5,129   0  20  47 207  327
  7  14,900   8,658   0   6  45 114  234
  8  21,227  46,868   0  18  19 364  484
  9   0,401   2,882   0   7  45  29  149
 10   0,992  42,377   0   9  70 112  232
 11   8,671  23,026   0   8  11 235  355
 12  32,845  31,582   0  18  76 409  529
 13   1,221  19,986   0  12  49 146  266
 14  30,561  28,302   0  12  55 434  554
 15  36,089  46,410   0  15  12 107  227
 16  38,427  21,803   0   7  53 367  487
 17  31,439   5,571   0  14  39 559  679
 18  47,912  10,565   0  14  33 402  522
 19  30,745   9,007   0  19  21 386  506
 20  45,764   8,559   0   7  65 480  600
 

[delivery]
 21   5,293  33,895   0  -9  20 242  362
 22  39,612  41,714   0  -5  20  86  206
 23  37,150   7,767   0 -16  20 480  600
 24  20,410  42,960   0 -20  20  19  139
 25  39,731   3,207   0 -10  20 597  717
 26  13,064  46,942   0 -20  20 262  382
 27  11,596  17,549   0  -6  20 123  243
 28  35,094  10,910   0 -18  20 402  522
 29  15,455  49,859   0  -7  20  78  198
 30   9,693   8,836   0  -9  20 146  266
 31  12,492  13,799   0  -8  20 244  364
 32  24,334  41,503   0 -18  20 422  542
 33  13,111  48,089   0 -12  20 176  296
 34  24,422  33,443   0 -12  20 442  562
 35  25,272  28,466   0 -15  20 127  247
 36  42,778  11,453   0  -7  20 378  498
 37  39,423  13,020   0 -14  20 569  689
 38  32,147  17,898   0 -14  20 419  539
 39  10,796   9,047   0 -19  20 405  525
 40  30,328  42,175   0  -7  20 516  636
 
    

[Speed 0]
  0,0 120,0 0,0 0,5
120,0 600,0 0,0 0,81
600,0 720,0 0,0 0,5 
720,0 840,0 0,0 0,81

[Speed 1]
  0,0 120,0 0,0 0,67
120,0 600,0 0,0 1,33
600,0 720,0 0,0 0,88 
720,0 840,0 0,0 1,33

[Speed 2]
  0,0 120,0 0,0 0,88
120,0 600,0 0,0 1,33
600,0 720,0 0,0 0,67 
720,0 840,0 0,0 1,33

[Speed 3]
  0,0 120,0 0,0 0,85
120,0 600,0 0,0 1,5
600,0 720,0 0,0 0,85 
720,0 840,0 0,0 1,5

[Speed 4]
  0,0 120,0 0,0 1,0
120,0 600,0 0,0 2,0
600,0 720,0 0,0 1,0 
720,0 840,0 0,0 2,0


[speed choose matrix]
4 4 4 4	4 4 4 4	4 4 4 4	4 4 4 4	4 4 4 4	4 4 4 4	4 4 4 4 4 4 4 4 4 4 4 4 4 4 4 4 4 4 
4 4 3 2 0 1 2 4 3 2 1 4 2 3 3 1 3 1 2 3 2 1 2 3 3 2 1 3 2 1 2 3 2 2 1 3 2 2 3 3 2 4
4 3 4 3 2 4 1 0 2 3 4 2 3 2 1 3 4 3 3 2 2 3 3 3 2 1 1 2 3 1 3 2 3 3 2 2 2 3 2 4 3 4 
4 1 3 4 3 2 4 3 0 1 2 1 2 4 2 0 1 2 3 1 3 4 2 3 2 2 3 3 2 2 1 4 1 2 3 1 2 1 1 3 4 4
4 0 1 3 4 3 1 4 2 4 0 1 3 2 0 4 3 3 2 1 1 2 4 3 1 2 3 0 1 1 2 1 1 3 2 3 3 2 2 1 3 4
4 2 4 1 3 4 3 2 1 1 2 3 4 0 3 2 1 2 3 1 2 3 2 2 3 2 1 3 3 2 2 2 2 3 1 2 2 3 3 4 1 4
4 1 2 4 2 3 4 3 2 2 1 3 1 4 2 3 1 1 1 2 3 3 2 4 0 2 2 2 3 1 2 0 4 3 2 1 1 2 3 2 4 4
4 4 0 3 4 1 3 4 3 2 4 2 3 1 3 0 4 3 2 2 1 3 2 3 1 1 3 1 2 3 2 3 4 2 1 1 3 3 1 1 3 4
4 3 1 0 1 2 1 3 4 1 1 3 3 2 2 4 0 2 3 3 2 4 0 2 2 3 1 0 1 1 3 1 1 3 3 3 2 2 2 3 1 4
4 1 3 2 4 2 1 1 2 4 2 2 1 1 3 3 1 1 3 3 1 2 2 4 0 1 1 2 3 2 1 0 3 2 2 2 1 3 3 3 2 4
4 2 4 1 0 1 2 4 2 1 4 3 3 2 2 1 3 3 3 2 1 3 3 2 2 1 1 3 2 2 2 2 2 1 1 2 2 2 3 4 1 4
4 4 1 2 2 3 3 1 3 1 3 4 2 1 1 3 2 1 3 2 1 3 4 3 1 2 2 2 1 1 3 3 1 1 2 3 3 4 3 2 3 4 
4 1 3 1 3 4 2 3 3 2 3 1 4 2 3 4 1 3 3 3 2 1 2 3 3 2 1 1 2 1 2 2 3 3 1 2 2 2 2 1 2 4
4 3 1 4 1 0 4 2 1 2 1 2 1 4 2 3 1 4 2 3 2 3 2 2 0 4 3 0 1 2 3 3 2 2 1 1 2 4 3 1 3 4
4 3 2 1 0 3 1 3 1 3 1 2 3 1 4 0 2 3 2 4 1 2 2 3 3 0 1 2 0 1 1 3 3 2 2 2 3 3 3 2 4 4
4 2 3 0 4 1 3 0 4 3 2 3 4 3 0 4 2 4 2 3 4 4 2 1 2 3 3 3 3 2 1 2 3 3 0 4 2 3 1 2 3 4
4 3 4 2 3 2 2 4 0 2 3 1 2 2 1 1 4 1 2 1 3 2 2 0 1 1 2 2 1 2 1 0 3 1 3 3 4 2 2 2 3 4
4 2 3 1 3 1 2 3 1 2 3 2 3 4 3 4 2 4 2 1 1 3 2 1 2 3 1 3 1 1 2 2 2 2 3 2 4 3 2 4 3 4
4 1 3 3 1 3 2 1 3 3 3 3 3 1 1 1 1 1 4 3 2 2 3 2 1 2 3 2 3 3 1 1 3 3 1 2 3 2 2 3 3 4 
4 3 1 2 2 2 1 1 3 3 1 1 3 3 4 3 2 2 3 4 3 4 2 4 0 1 1 2 3 4 2 2 2 3 3 2 3 3 4 2 3 4
4 1 1 3 2 1 3 2 1 2 2 2 1 1 2 4 3 2 1 3 4 2 3 3 1 1 3 1 0 4 2 4 2 2 3 4 2 4 2 4 2 4
4 2 3 4 1 3 3 3 4 1 3 3 1 3 1 4 1 3 1 4 1 4 3 0 1 2 2 4 1 0 2 3 0 2 1 4 4 2 3 1 3 4 
4 1 3 1 4 1 1 1 0 1 3 4 3 1 1 1 1 1 3 1 3 3 4 3 0 2 1 0 1 4 3 3 3 4 2 3 3 1 1 3 4 4
4 3 3 3 3 1 4 3 1 4 1 3 3 1 3 2 0 2 1 4 3 0 3 4 2 2 3 3 2 4 0 2 2 3 1 2 3 3 3 2 4 4 
4 3 1 1 2 3 0 2 1 0 1 2 1 0 3 1 2 1 2 0 2 2 0 1 4 2 3 2 3 1 1 0 2 2 3 2 2 2 2 1 4 4 
4 1 2 1 1 1 1 2 3 2 2 1 1 4 0 3 2 3 1 2 2 1 1 1 1 4 1 2 2 3 1 3 2 2 2 3 2 2 3 4 1 4 
4 2 2 3 3 2 1 3 2 2 2 1 2 3 2 3 1 2 3 2 3 1 2 3 3 2 4 3 3 1 1 3 2 4 0 2 1 3 1 3 2 4
4 3 1 3 0 3 1 2 0 1 3 1 2 0 1 3 1 3 1 1 2 4 0 3 1 1 3 4 1 1 2 1 2 1 2 3 3 4 2 4 1 4
4 1 3 1 2 3 3 1 2 3 1 2 1 2 0 3 2 2 3 3 0 2 2 1 3 1 3 2 4 0 3 3 3 2 2 2 2 2 3 3 2 4
4 2 2 1 2 1 2 3 2 1 1 2 2 1 2 1 1 2 3 4 4 0 4 4 2 3 2 2 0 4 2 2 2 3 4 2 3 2 1 3 2 4
4 1 3 2 1 1 1 1 3 2 1 3 1 3 2 2 2 1 2 1 1 1 2 0 2 2 2 1 3 1 4 2 0 3 3 2 2 3 1 1 2 4
4 3 1 4 2 1 0 3 2 0 1 3 1 3 3 1 0 1 2 1 4 3 3 1 0 3 3 2 3 1 1 4 2 1 3 3 3 2 2 2 2 4
4 2 3 2 2 1 4 4 2 3 1 2 3 1 3 3 3 1 3 1 1 0 3 1 1 1 1 1 3 1 0 1 4 3 2 2 3 1 1 3 3 4
4 1 3 1 3 3 3 1 3 1 2 2 3 1 1 3 2 1 3 3 1 1 4 3 1 1 4 2 1 3 3 2 3 4 3 3 2 3 1 2 1 4
4 2 1 3 1 2 1 2 3 1 2 1 2 2 1 0 3 3 2 3 3 2 1 2 3 1 0 1 1 4 3 3 1 3 4 2 3 2 3 3 2 4
4 3 1 2 3 1 2 2 3 1 1 3 1 2 1 4 3 1 1 1 4 4 3 1 1 3 1 3 1 1 1 3 1 3 1 4 2 3 3 3 2 4
4 1 1 1 3 1 2 3 1 2 1 3 1 1 3 1 4 4 3 3 1 4 3 3 1 2 2 3 1 3 1 3 3 1 3 1 4 2 3 3 4 4
4 1 3 2 1 3 1 3 1 3 1 4 1 4 3 3 1 3 1 3 4 1 2 3 1 1 3 4 1 1 3 1 2 3 1 3 1 4 1 4 3 4
4 3 1 2 1 3 3 2 1 3 3 3 1 3 3 2 1 1 1 4 2 3 2 3 1 3 2 1 3 2 2 1 2 2 3 3 3 2 4 2 3 4
4 3 4 3 2 4 1 2 3 3 4 1 1 2 1 1 1 4 3 1 4 2 3 1 2 4 3 4 3 3 2 1 3 1 3 3 3 4 1 4 1 4 
4 1 3 4 3 2 4 3 2 1 2 3 3 3 4 3 3 3 3 3 1 3 4 4 4 2 1 2 1 1 1 1 3 2 1 1 4 3 3 2 4 4
4 4 4 4 4 4 4 4 4 4 4 4 4 4 4 4 4 4 4 4 4 4 4 4 4 4 4 4 4 4 4 4 4 4 4 4 4 4 4 4 4 4