5
20
840

[Depot]
  0  25,000  25,000   0   0   
 61  25,000  25,000   0   0

[Pickup]
  1  30,792  21,611   0   6  28  429  489
  2  49,256   1,163   0  20  59  151  211
  3  31,284  41,613   0   9  45  275  335
  4  49,040   6,118   0  20  17   87  147
  5  43,522   5,032   0  11  31  519  579
  6  20,092  47,851   0  14  47   35   95
  7  29,362  43,857   0  20  45  497  557
  8  43,592  16,373   0  12  19  361  421
  9   8,425  35,962   0   9  45  398  458
 10  22,590   4,106   0  16  70  263  323
 11  23,546  22,740   0  20  11   14   74
 12  24,540  28,941   0   7  76  319  379
 13  10,773   6,480   0  16  49  329  389
 14   8,468  49,652   0   7  55  139  199
 15  29,079  18,591   0   7  12   43  103
 16   6,213   8,965   0   6  53   66  126
 17  30,165  32,199   0  19  39  450  510
 18  36,175  39,439   0  16  33  286  346
 19  21,201  19,103   0  16  21  320  380
 20  33,213   8,867   0  20  65  205  265
 21   5,536   0,010   0  16  39   43  103
 22  20,402  32,033   0  12  49  327  387
 23  41,624  36,164   0   5  73  236  296
 24   6,121  13,830   0  19  29   15   75
 25   2,914  17,905   0  14  51  202  262
 26  29,446  23,643   0   5  42  101  161
 27  33,206  23,665   0  12  37  559  619
 28  43,950   8,239   0  19  26  126  186
 29   0,877  35,499   0  13  46  354  414
 30  16,035   8,880   0  18  72  445  505

[Delivery]
 31   1,927  28,760   0  -6  20 458  518
 32  40,713  20,398   0 -20  20 172  232
 33  23,997  42,655   0  -9  20 282  342
 34   4,641  41,602   0 -20  20 143  203
 35  19,457  28,911   0 -11  20 552  612
 36  49,712  41,703   0 -14  20  65  125
 37  27,729  30,525   0 -20  20 510  570
 38  29,411  35,205   0 -12  20 384  444
 39  21,106  14,542   0  -9  20 422  482
 40   6,231  27,622   0 -16  20 291  351
 41   5,233  21,397   0 -20  20  32   92
 42  26,298  18,397   0  -7  20 329  389
 43   0,415  27,147   0 -16  20 352  412
 44  44,045  44,430   0  -7  20 174  234
 45  31,177  33,186   0  -7  20  57  117
 46  32,344  28,953   0  -6  20  98  158
 47  28,282   9,106   0 -19  20 473  533
 48   7,452  42,655   0 -16  20 314  374
 49  43,067  20,853   0 -16  20 341  401
 50  16,577   1,804   0 -20  20 223  283
 51   5,976  14,501   0 -16  20  57  117
 52  15,093   2,601   0 -12  20 356  416
 53  10,374  31,063   0  -5  20 267  327
 54  24,231  25,224   0 -19  20  36   96
 55  28,297  11,780   0 -14  20 228  288
 56  35,637  29,455   0  -5  20 109  169
 57  20,539  15,239   0 -12  20 574  634
 58  14,764  30,114   0 -19  20 162  222
 59   1,947  14,707   0 -13  20 374  434
 60  30,085  33,939   0 -18  20 473  533
  

[Speed 0]
  0,0 120,0 0,0 0,5
120,0 600,0 0,0 0,81
600,0 720,0 0,0 0,5 
720,0 840,0 0,0 0,81

[Speed 1]
  0,0 120,0 0,0 0,67
120,0 600,0 0,0 1,33
600,0 720,0 0,0 0,88 
720,0 840,0 0,0 1,33

[Speed 2]
  0,0 120,0 0,0 0,88
120,0 600,0 0,0 1,33
600,0 720,0 0,0 0,67 
720,0 840,0 0,0 1,33

[Speed 3]
  0,0 120,0 0,0 0,85
120,0 600,0 0,0 1,5
600,0 720,0 0,0 0,85 
720,0 840,0 0,0 1,5

[Speed 4]
  0,0 120,0 0,0 1,0
120,0 600,0 0,0 2,0
600,0 720,0 0,0 1,0 
720,0 840,0 0,0 2,0


[speed choose matrix]
1 3 3 0 3 4 0 1 3 0 1 3 3 3 0 3 0 1 0 0 2 1 1 2 4 4 1 2 0 3 4 1 2 2 2 3 4 2 3 1 0 1 4 3 0 3 1 3 4 2 4 4 0 3 0 1 4 0 2 0 3 2 
0 0 3 0 1 3 1 4 4 4 2 1 0 4 4 2 2 2 0 0 2 4 2 2 0 2 4 3 3 2 4 4 2 4 3 4 2 3 3 4 2 2 1 2 0 1 1 3 3 0 2 4 1 3 4 0 0 1 3 2 3 2 
4 2 3 4 1 2 0 1 2 2 0 0 3 3 4 2 4 0 2 3 3 3 2 3 3 3 2 2 2 3 3 3 4 2 0 1 3 0 0 4 3 4 4 1 4 2 3 4 3 4 2 1 1 0 3 0 3 1 1 2 3 0 
4 3 3 1 3 2 1 0 1 0 1 4 4 0 4 1 3 3 3 1 4 4 1 0 2 2 3 4 4 3 1 4 1 0 3 2 0 4 1 3 0 1 4 1 4 2 0 0 3 3 4 0 0 1 0 4 4 4 0 4 3 0 
2 2 1 4 1 1 1 1 0 0 0 2 3 3 2 2 0 0 4 0 3 0 4 4 2 4 4 1 4 2 4 4 3 1 0 3 4 4 4 4 1 0 0 1 2 2 3 1 1 3 0 2 0 0 2 3 4 2 2 0 0 1 
0 1 4 3 0 3 2 1 4 4 3 2 3 2 2 3 0 3 4 2 2 4 1 3 2 3 2 1 1 3 0 2 4 2 3 2 4 4 0 0 3 2 0 3 2 1 4 4 2 0 1 2 4 0 2 1 4 0 2 3 2 0 
0 1 2 2 3 2 4 3 3 0 3 0 4 0 2 1 3 0 4 0 0 2 0 4 1 4 4 2 2 3 3 3 1 4 2 1 3 3 1 0 0 1 2 3 3 0 0 1 4 4 3 0 1 4 2 2 0 1 2 2 3 4 
3 4 0 0 2 1 2 0 2 3 1 4 0 4 1 1 1 3 2 2 2 2 4 4 1 3 1 3 0 2 3 3 3 3 3 2 3 1 3 4 4 2 4 0 3 0 3 1 2 4 4 0 0 2 3 1 1 4 3 2 0 4 
1 2 1 0 1 0 1 1 4 2 4 0 2 0 0 3 4 4 4 0 2 0 0 4 0 2 4 0 1 1 4 2 1 4 4 3 2 1 0 3 4 3 2 3 4 1 0 1 0 2 3 0 3 2 2 1 4 4 0 3 1 3 
3 1 4 2 2 2 0 4 3 4 3 2 0 4 3 3 1 3 3 0 0 3 4 2 3 3 2 4 0 3 4 1 3 2 2 4 4 3 3 0 3 3 3 4 0 0 4 4 2 4 2 4 4 0 2 1 3 2 0 3 4 3 
1 4 1 0 0 4 4 4 2 2 3 2 2 0 4 0 1 3 2 1 3 4 2 0 3 3 2 3 0 1 2 3 2 0 2 2 3 0 0 1 0 3 2 3 0 0 3 2 2 4 1 1 3 0 1 3 3 0 0 2 1 4 
3 1 2 4 0 1 1 1 4 2 2 2 0 1 3 3 2 2 4 0 2 4 3 4 4 4 3 3 4 3 4 3 1 2 1 1 1 0 4 0 1 2 0 2 2 2 4 2 3 4 2 3 0 3 3 4 4 1 3 0 0 4 
3 4 1 1 0 0 4 4 0 4 3 4 2 0 3 3 1 3 2 2 2 3 1 4 0 0 4 3 0 0 3 1 0 4 0 0 0 1 3 0 1 2 1 4 4 2 2 0 1 1 2 3 4 1 1 1 0 1 1 4 1 3 
0 4 4 0 3 1 4 4 3 0 3 3 2 4 4 0 3 3 0 0 0 3 1 4 0 3 2 2 3 4 0 0 4 1 2 2 2 2 2 0 3 3 3 2 1 4 4 2 2 4 0 0 4 0 2 2 4 3 3 2 4 2 
3 2 4 1 2 0 4 1 4 4 0 2 0 1 3 2 3 0 2 4 1 3 0 2 1 1 3 0 2 4 4 1 3 2 4 2 0 0 2 0 2 1 3 1 3 2 1 0 2 4 0 1 0 3 2 1 0 1 0 3 3 1 
0 2 2 1 2 0 1 2 1 1 1 4 0 1 0 1 2 0 1 0 2 1 4 0 2 2 1 2 2 4 4 4 0 1 1 2 1 1 2 3 0 3 3 0 3 3 3 4 4 0 2 1 0 4 4 0 4 4 3 3 2 3 
4 1 2 2 4 2 3 3 0 3 4 0 3 3 2 1 4 2 4 1 0 1 1 0 3 0 2 2 3 2 2 3 2 3 0 0 3 4 2 0 2 1 0 0 4 3 3 2 0 1 4 0 0 2 0 1 0 0 4 2 2 3 
2 1 2 1 0 2 2 2 0 4 1 2 4 4 1 3 2 0 2 0 4 3 1 1 0 2 2 4 2 4 4 4 1 3 4 3 0 1 1 0 0 0 1 2 4 1 0 0 0 1 1 4 2 2 1 2 3 2 3 4 0 4 
1 4 2 3 1 2 1 1 2 3 1 0 2 4 3 2 1 3 1 4 2 1 0 4 2 0 0 3 4 0 2 1 1 3 4 0 2 1 2 1 3 4 4 3 3 0 2 1 2 0 2 1 2 0 3 4 3 3 0 1 4 0 
1 2 1 0 1 2 2 1 3 3 3 2 0 3 2 3 4 1 0 1 0 1 2 1 2 3 3 4 2 2 1 1 3 2 2 0 2 1 4 4 0 0 2 3 4 3 4 4 0 1 3 3 4 1 4 0 4 3 1 1 0 0 
0 4 2 3 2 0 4 4 3 2 1 4 1 0 1 0 0 2 4 3 0 0 1 1 3 2 0 2 0 4 4 1 0 3 4 2 0 4 4 0 4 2 1 4 1 2 1 1 3 4 1 0 0 0 0 3 4 1 0 4 4 2 
2 2 3 1 2 1 1 2 1 4 4 4 0 4 4 0 3 2 2 2 1 1 2 2 4 1 4 3 2 2 4 4 4 2 0 1 4 1 2 4 2 0 1 3 0 3 2 4 4 1 1 2 0 3 1 4 2 0 1 2 1 2 
2 0 1 0 0 0 1 0 4 2 4 1 4 2 1 3 3 0 3 2 1 4 1 3 4 0 0 0 4 2 2 2 3 0 2 1 3 1 2 2 4 3 4 3 0 2 4 2 1 1 1 4 1 0 3 4 4 3 1 3 4 4 
2 1 0 3 1 4 4 0 2 4 0 4 4 2 4 0 3 2 4 3 0 4 4 0 1 3 3 2 4 0 0 0 3 1 4 0 4 2 3 3 2 3 0 0 2 0 3 4 2 2 2 3 3 0 3 3 0 2 1 2 4 1 
2 1 4 1 1 4 1 3 1 2 1 1 2 0 4 0 2 4 4 1 4 1 0 2 4 2 1 0 1 1 4 1 4 4 3 0 3 3 3 0 0 4 2 0 4 2 4 2 4 0 0 4 0 4 2 2 3 3 1 2 2 2 
4 1 3 3 1 4 0 0 3 0 0 1 4 4 2 0 1 0 2 0 0 4 3 3 3 2 2 0 1 1 4 3 2 2 4 1 1 2 3 3 4 4 3 0 0 4 2 3 3 2 2 3 1 1 0 4 0 4 4 1 0 1 
3 1 0 3 3 1 1 1 4 2 0 1 0 0 3 3 4 4 4 3 2 4 4 3 0 4 3 4 3 1 4 2 3 2 0 4 2 2 3 0 3 1 0 0 0 1 2 3 2 2 4 1 3 0 4 2 4 0 1 2 3 3 
0 2 4 3 4 4 3 2 3 1 1 4 3 3 2 2 1 0 2 4 2 1 2 0 0 1 3 3 0 0 2 3 0 2 4 4 4 2 3 2 0 2 3 3 0 4 3 3 4 2 1 1 0 0 4 0 4 0 1 3 1 1 
1 3 2 1 0 4 1 3 0 0 4 3 4 2 3 4 4 2 1 0 4 0 2 1 3 4 0 1 1 2 2 2 2 0 3 3 3 3 1 3 2 0 4 2 4 0 4 2 4 4 2 2 1 1 2 0 1 3 1 0 3 1 
1 2 0 4 4 0 0 3 0 0 2 0 3 4 0 2 2 0 1 3 0 4 0 4 1 3 4 1 4 0 4 0 0 0 0 3 0 1 4 4 1 3 3 4 4 4 1 3 1 3 1 4 0 2 2 2 3 0 4 3 1 2 
4 0 3 1 0 0 4 2 0 3 3 4 0 3 1 4 1 3 3 1 1 1 3 2 3 3 4 1 3 2 0 3 4 0 2 0 1 0 2 0 2 2 3 0 3 0 2 0 0 1 0 0 2 0 3 3 1 2 4 4 2 0 
0 2 3 4 3 0 4 4 0 4 1 2 3 2 4 0 3 1 3 1 1 0 2 1 0 1 1 2 1 1 4 1 3 0 3 4 0 0 2 3 1 1 1 2 3 3 2 4 2 3 1 3 0 1 4 0 0 2 1 3 0 4 
0 3 1 4 1 3 1 3 4 1 2 3 2 2 3 1 0 0 3 2 3 0 1 4 3 1 4 0 2 1 2 0 3 3 2 4 2 4 2 4 3 1 0 1 2 1 1 3 2 2 4 1 4 4 3 4 4 0 3 0 3 0 
2 1 2 2 4 0 3 4 3 1 3 1 1 1 2 2 1 4 3 3 1 4 1 0 0 2 4 3 4 2 1 0 1 3 1 2 0 3 0 4 2 0 4 4 4 1 4 2 2 3 1 2 2 4 0 1 4 3 3 3 2 3 
2 3 1 3 0 1 2 2 2 0 1 3 2 0 1 4 0 3 3 3 0 1 1 3 4 4 2 4 2 2 0 3 1 2 2 0 4 4 4 3 4 0 4 3 1 2 3 3 3 2 1 1 0 1 1 1 1 3 4 2 4 3 
3 4 1 2 1 0 2 1 0 2 2 3 2 4 0 0 2 2 0 1 1 4 2 1 1 0 2 4 4 3 4 4 4 3 2 4 1 3 1 3 3 1 3 0 4 0 3 0 4 0 2 0 3 1 1 1 2 4 1 2 4 3 
0 0 0 0 4 0 0 0 4 4 3 3 1 3 0 2 1 2 2 2 2 0 0 4 0 0 1 4 4 3 1 2 2 0 1 1 2 2 3 1 1 2 3 1 0 1 2 0 2 2 1 4 0 2 4 1 1 4 2 4 1 2 
2 3 4 1 2 4 3 2 0 4 4 2 0 1 4 4 0 0 2 4 2 3 4 4 0 4 0 2 0 2 1 4 2 4 1 3 0 3 1 4 2 0 1 2 2 2 3 2 2 0 0 4 2 0 1 3 2 4 1 1 0 2 
1 3 4 2 1 4 0 0 0 4 2 0 4 2 4 1 3 3 3 0 4 4 3 3 0 4 0 2 0 4 2 3 1 0 2 2 4 1 4 1 0 3 2 4 2 4 3 4 0 1 1 1 1 1 3 3 0 4 2 0 3 3 
4 4 0 4 0 4 4 3 4 0 3 3 1 0 3 1 2 1 3 0 3 0 0 3 2 2 0 2 4 1 0 2 1 1 1 4 3 1 3 0 4 3 1 3 0 3 1 1 1 2 4 0 1 3 4 0 2 1 3 0 3 4 
1 2 1 0 3 3 1 3 2 0 0 3 0 4 1 2 2 1 0 2 4 1 3 3 3 4 1 0 3 3 3 4 4 4 0 2 2 0 2 0 2 2 4 1 4 2 4 4 1 1 0 2 4 2 2 2 4 0 2 2 4 1 
4 0 0 3 0 0 1 1 1 1 3 2 1 1 0 1 0 0 2 3 0 2 3 4 4 3 3 0 3 2 2 3 4 4 2 2 2 0 1 0 2 4 1 4 0 2 0 0 0 1 3 1 0 2 1 2 2 2 2 2 1 4 
0 1 1 3 0 0 4 0 4 0 3 0 2 3 3 2 1 1 0 4 3 3 0 1 0 3 4 2 1 0 3 2 4 0 3 0 2 0 3 3 4 2 3 0 1 3 2 4 1 4 0 3 3 0 3 4 4 3 3 0 0 1 
1 0 3 2 0 3 1 1 0 4 0 3 4 3 4 1 1 3 0 1 4 0 1 3 0 0 2 3 3 1 1 0 4 2 2 2 4 1 1 4 3 1 2 3 4 4 4 4 4 4 4 3 3 1 2 3 1 2 3 4 2 0 
1 1 4 0 3 3 4 3 3 1 2 0 1 1 2 4 0 4 3 4 3 4 3 2 3 2 0 4 1 2 0 3 2 4 4 3 2 4 1 4 0 1 3 1 4 4 4 4 1 1 4 1 4 4 0 1 3 3 0 4 0 4 
3 0 1 3 2 0 3 3 4 1 0 1 2 3 3 3 1 1 2 4 2 2 0 2 1 3 3 3 1 4 3 2 2 2 1 3 1 4 3 1 0 4 1 4 3 0 1 0 1 1 4 4 1 4 4 2 2 0 1 2 3 4 
3 2 0 4 2 2 0 3 3 2 3 2 2 1 0 1 3 0 1 1 4 3 4 0 3 1 0 2 4 0 0 2 0 4 1 0 4 0 0 3 4 0 1 4 4 2 4 1 2 0 3 0 3 4 3 2 4 1 4 2 3 4 
1 1 2 3 4 4 0 0 0 4 3 2 4 4 0 4 2 4 2 0 3 4 3 2 2 3 2 3 4 1 1 1 4 4 0 3 4 4 2 0 4 4 0 4 4 1 0 3 0 0 1 4 3 2 4 0 4 0 1 0 3 1 
3 3 1 3 0 0 4 1 4 1 0 0 0 4 2 4 4 2 2 4 2 0 0 4 1 4 2 0 0 2 1 1 3 0 4 0 3 3 0 2 0 1 1 0 0 2 1 1 1 0 3 2 2 0 1 1 0 1 3 0 1 3 
0 0 2 4 4 3 0 2 2 2 1 0 0 2 1 4 0 0 1 4 4 4 0 0 2 4 2 3 1 3 0 1 3 4 4 1 3 3 2 4 4 4 4 4 0 4 2 4 4 2 0 1 1 4 2 3 4 3 4 3 2 4 
4 1 0 4 4 3 1 0 1 0 1 2 2 0 0 2 4 3 4 0 3 3 2 1 0 3 2 1 4 3 3 1 3 4 1 1 3 2 2 4 3 0 0 3 1 0 3 0 1 4 0 0 0 4 0 4 3 2 4 4 1 0 
2 1 2 3 0 2 4 2 1 1 2 3 0 0 4 1 1 0 4 1 2 1 1 1 3 2 4 3 3 2 1 4 3 3 2 0 3 4 4 3 4 3 2 1 4 1 4 0 1 1 3 0 2 0 1 4 4 0 0 2 0 1 
4 0 0 0 4 2 0 2 1 3 3 3 4 4 3 4 3 4 3 2 0 4 4 4 0 0 4 4 3 4 1 1 1 3 3 2 1 0 4 2 1 3 0 3 0 2 0 3 0 1 4 4 1 1 0 0 2 4 3 4 0 4 
4 0 4 1 3 3 3 0 4 2 1 1 0 2 4 4 1 1 2 4 3 2 1 3 1 2 3 2 3 3 0 3 2 1 4 3 2 2 1 2 4 3 4 2 0 2 0 3 3 0 3 4 3 1 0 4 0 3 0 0 1 2 
1 1 3 2 2 2 0 0 0 1 4 1 0 4 1 2 4 2 3 0 1 4 2 0 1 2 1 3 0 3 3 2 1 2 1 0 4 3 0 2 0 0 2 2 0 0 1 3 1 1 4 3 2 2 2 3 1 3 2 1 2 3 
4 2 0 2 2 3 4 2 3 1 2 0 1 1 4 0 4 0 2 2 1 4 2 4 4 4 4 2 1 2 2 4 0 2 0 4 0 1 4 2 1 3 2 4 0 1 3 0 2 1 3 1 3 3 0 1 2 0 4 4 1 0 
3 0 1 3 1 4 3 4 3 2 1 3 4 2 0 1 3 0 0 0 0 3 1 4 3 4 0 4 0 4 3 2 4 4 0 4 1 2 4 4 1 3 4 1 1 2 0 4 2 1 0 4 2 0 4 3 0 2 3 1 3 0 
3 0 0 1 2 3 2 4 3 1 1 1 1 1 0 1 1 4 2 3 1 2 0 1 1 4 0 1 2 1 1 2 3 2 0 2 4 2 2 4 4 3 3 0 0 4 1 0 3 2 3 4 0 2 1 4 4 0 3 2 2 4 
2 3 1 1 3 2 4 1 0 1 4 4 2 2 3 4 0 4 3 1 1 1 1 3 3 4 3 3 0 4 3 4 1 3 1 0 2 2 2 2 4 3 1 0 3 1 1 0 4 3 0 4 0 3 0 2 4 0 4 4 2 2 
4 4 3 4 3 1 1 1 0 0 3 3 3 1 1 2 0 2 3 1 0 2 2 3 1 2 3 4 4 4 2 3 4 4 1 3 0 4 0 2 1 2 1 0 2 4 4 1 3 4 2 1 3 3 3 1 2 1 3 0 1 1 
2 4 2 2 0 4 0 2 4 2 2 0 2 2 3 3 3 0 3 0 1 4 1 3 1 3 0 3 4 4 2 4 3 1 0 3 0 0 2 1 2 2 0 1 1 3 4 1 2 4 3 3 2 3 3 0 3 4 2 1 4 1 
1 2 1 4 2 0 0 0 3 4 3 2 1 3 1 4 3 3 4 4 4 2 1 0 2 1 1 1 3 0 3 2 1 2 4 2 4 2 0 1 1 4 4 1 3 3 2 3 0 1 4 2 0 0 4 0 4 4 2 4 0 3 