3
20
840

[Depot]
  0  25,000  25,000   0   0   
 41  25,000  25,000   0   0

[Pickup]
  1  30,792  21,611   0   6  28  429  489
  2  49,256   1,163   0  20  59  151  211
  3  31,284  41,613   0   9  45  275  335
  4  49,040   6,118   0  20  17   87  147
  5  43,522   5,032   0  11  31  519  579
  6  20,092  47,851   0  14  47   35   95
  7  29,362  43,857   0  20  45  497  557
  8  43,592  16,373   0  12  19  361  421
  9   8,425  35,962   0   9  45  398  458
 10  22,590   4,106   0  16  70  263  323
 11  23,546  22,740   0  20  11   14   74
 12  24,540  28,941   0   7  76  319  379
 13  10,773   6,480   0  16  49  329  389
 14   8,468  49,652   0   7  55  139  199
 15  29,079  18,591   0   7  12   43  103
 16   6,213   8,965   0   6  53   66  126
 17  30,165  32,199   0  19  39  450  510
 18  36,175  39,439   0  16  33  286  346
 19  21,201  19,103   0  16  21  320  380
 20  33,213   8,867   0  20  65  205  265
 

[Delivery]
 21   1,927  28,760   0  -6  20 458  518
 22  40,713  20,398   0 -20  20 172  232
 23  23,997  42,655   0  -9  20 282  342
 24   4,641  41,602   0 -20  20 143  203
 25  19,457  28,911   0 -11  20 552  612
 26  49,712  41,703   0 -14  20  65  125
 27  27,729  30,525   0 -20  20 510  570
 28  29,411  35,205   0 -12  20 384  444
 29  21,106  14,542   0  -9  20 422  482
 30   6,231  27,622   0 -16  20 291  351
 31   5,233  21,397   0 -20  20  32   92
 32  26,298  18,397   0  -7  20 329  389
 33   0,415  27,147   0 -16  20 352  412
 34  44,045  44,430   0  -7  20 174  234
 35  31,177  33,186   0  -7  20  57  117
 36  32,344  28,953   0  -6  20  98  158
 37  28,282   9,106   0 -19  20 473  533
 38   7,452  42,655   0 -16  20 314  374
 39  43,067  20,853   0 -16  20 341  401
 40  16,577   1,804   0 -20  20 223  283

  

[Speed 0]
  0,0 120,0 0,0 0,5
120,0 600,0 0,0 0,81
600,0 720,0 0,0 0,5 
720,0 840,0 0,0 0,81

[Speed 1]
  0,0 120,0 0,0 0,67
120,0 600,0 0,0 1,33
600,0 720,0 0,0 0,88 
720,0 840,0 0,0 1,33

[Speed 2]
  0,0 120,0 0,0 0,88
120,0 600,0 0,0 1,33
600,0 720,0 0,0 0,67 
720,0 840,0 0,0 1,33

[Speed 3]
  0,0 120,0 0,0 0,85
120,0 600,0 0,0 1,5
600,0 720,0 0,0 0,85 
720,0 840,0 0,0 1,5

[Speed 4]
  0,0 120,0 0,0 1,0
120,0 600,0 0,0 2,0
600,0 720,0 0,0 1,0 
720,0 840,0 0,0 2,0


[speed choose matrix]
4 4 4 4	4 4 4 4	4 4 4 4	4 4 4 4	4 4 4 4	4 4 4 4	4 4 4 4 4 4 4 4 4 4 4 4 4 4 4 4 4 4 
4 4 3 2 0 1 2 4 3 2 1 4 2 3 3 1 3 1 2 3 2 1 2 3 3 2 1 3 2 1 2 3 2 2 1 3 2 2 3 3 2 4
4 3 4 3 2 4 1 0 2 3 4 2 3 2 1 3 4 3 3 2 2 3 3 3 2 1 1 2 3 1 3 2 3 3 2 2 2 3 2 4 3 4 
4 1 3 4 3 2 4 3 0 1 2 1 2 4 2 0 1 2 3 1 3 4 2 3 2 2 3 3 2 2 1 4 1 2 3 1 2 1 1 3 4 4
4 0 1 3 4 3 1 4 2 4 0 1 3 2 0 4 3 3 2 1 1 2 4 3 1 2 3 0 1 1 2 1 1 3 2 3 3 2 2 1 3 4
4 2 4 1 3 4 3 2 1 1 2 3 4 0 3 2 1 2 3 1 2 3 2 2 3 2 1 3 3 2 2 2 2 3 1 2 2 3 3 4 1 4
4 1 2 4 2 3 4 3 2 2 1 3 1 4 2 3 1 1 1 2 3 3 2 4 0 2 2 2 3 1 2 0 4 3 2 1 1 2 3 2 4 4
4 4 0 3 4 1 3 4 3 2 4 2 3 1 3 0 4 3 2 2 1 3 2 3 1 1 3 1 2 3 2 3 4 2 1 1 3 3 1 1 3 4
4 3 1 0 1 2 1 3 4 1 1 3 3 2 2 4 0 2 3 3 2 4 0 2 2 3 1 0 1 1 3 1 1 3 3 3 2 2 2 3 1 4
4 1 3 2 4 2 1 1 2 4 2 2 1 1 3 3 1 1 3 3 1 2 2 4 0 1 1 2 3 2 1 0 3 2 2 2 1 3 3 3 2 4
4 2 4 1 0 1 2 4 2 1 4 3 3 2 2 1 3 3 3 2 1 3 3 2 2 1 1 3 2 2 2 2 2 1 1 2 2 2 3 4 1 4
4 4 1 2 2 3 3 1 3 1 3 4 2 1 1 3 2 1 3 2 1 3 4 3 1 2 2 2 1 1 3 3 1 1 2 3 3 4 3 2 3 4 
4 1 3 1 3 4 2 3 3 2 3 1 4 2 3 4 1 3 3 3 2 1 2 3 3 2 1 1 2 1 2 2 3 3 1 2 2 2 2 1 2 4
4 3 1 4 1 0 4 2 1 2 1 2 1 4 2 3 1 4 2 3 2 3 2 2 0 4 3 0 1 2 3 3 2 2 1 1 2 4 3 1 3 4
4 3 2 1 0 3 1 3 1 3 1 2 3 1 4 0 2 3 2 4 1 2 2 3 3 0 1 2 0 1 1 3 3 2 2 2 3 3 3 2 4 4
4 2 3 0 4 1 3 0 4 3 2 3 4 3 0 4 2 4 2 3 4 4 2 1 2 3 3 3 3 2 1 2 3 3 0 4 2 3 1 2 3 4
4 3 4 2 3 2 2 4 0 2 3 1 2 2 1 1 4 1 2 1 3 2 2 0 1 1 2 2 1 2 1 0 3 1 3 3 4 2 2 2 3 4
4 2 3 1 3 1 2 3 1 2 3 2 3 4 3 4 2 4 2 1 1 3 2 1 2 3 1 3 1 1 2 2 2 2 3 2 4 3 2 4 3 4
4 1 3 3 1 3 2 1 3 3 3 3 3 1 1 1 1 1 4 3 2 2 3 2 1 2 3 2 3 3 1 1 3 3 1 2 3 2 2 3 3 4 
4 3 1 2 2 2 1 1 3 3 1 1 3 3 4 3 2 2 3 4 3 4 2 4 0 1 1 2 3 4 2 2 2 3 3 2 3 3 4 2 3 4
4 1 1 3 2 1 3 2 1 2 2 2 1 1 2 4 3 2 1 3 4 2 3 3 1 1 3 1 0 4 2 4 2 2 3 4 2 4 2 4 2 4
4 2 3 4 1 3 3 3 4 1 3 3 1 3 1 4 1 3 1 4 1 4 3 0 1 2 2 4 1 0 2 3 0 2 1 4 4 2 3 1 3 4 
4 1 3 1 4 1 1 1 0 1 3 4 3 1 1 1 1 1 3 1 3 3 4 3 0 2 1 0 1 4 3 3 3 4 2 3 3 1 1 3 4 4
4 3 3 3 3 1 4 3 1 4 1 3 3 1 3 2 0 2 1 4 3 0 3 4 2 2 3 3 2 4 0 2 2 3 1 2 3 3 3 2 4 4 
4 3 1 1 2 3 0 2 1 0 1 2 1 0 3 1 2 1 2 0 2 2 0 1 4 2 3 2 3 1 1 0 2 2 3 2 2 2 2 1 4 4 
4 1 2 1 1 1 1 2 3 2 2 1 1 4 0 3 2 3 1 2 2 1 1 1 1 4 1 2 2 3 1 3 2 2 2 3 2 2 3 4 1 4 
4 2 2 3 3 2 1 3 2 2 2 1 2 3 2 3 1 2 3 2 3 1 2 3 3 2 4 3 3 1 1 3 2 4 0 2 1 3 1 3 2 4
4 3 1 3 0 3 1 2 0 1 3 1 2 0 1 3 1 3 1 1 2 4 0 3 1 1 3 4 1 1 2 1 2 1 2 3 3 4 2 4 1 4
4 1 3 1 2 3 3 1 2 3 1 2 1 2 0 3 2 2 3 3 0 2 2 1 3 1 3 2 4 0 3 3 3 2 2 2 2 2 3 3 2 4
4 2 2 1 2 1 2 3 2 1 1 2 2 1 2 1 1 2 3 4 4 0 4 4 2 3 2 2 0 4 2 2 2 3 4 2 3 2 1 3 2 4
4 1 3 2 1 1 1 1 3 2 1 3 1 3 2 2 2 1 2 1 1 1 2 0 2 2 2 1 3 1 4 2 0 3 3 2 2 3 1 1 2 4
4 3 1 4 2 1 0 3 2 0 1 3 1 3 3 1 0 1 2 1 4 3 3 1 0 3 3 2 3 1 1 4 2 1 3 3 3 2 2 2 2 4
4 2 3 2 2 1 4 4 2 3 1 2 3 1 3 3 3 1 3 1 1 0 3 1 1 1 1 1 3 1 0 1 4 3 2 2 3 1 1 3 3 4
4 1 3 1 3 3 3 1 3 1 2 2 3 1 1 3 2 1 3 3 1 1 4 3 1 1 4 2 1 3 3 2 3 4 3 3 2 3 1 2 1 4
4 2 1 3 1 2 1 2 3 1 2 1 2 2 1 0 3 3 2 3 3 2 1 2 3 1 0 1 1 4 3 3 1 3 4 2 3 2 3 3 2 4
4 3 1 2 3 1 2 2 3 1 1 3 1 2 1 4 3 1 1 1 4 4 3 1 1 3 1 3 1 1 1 3 1 3 1 4 2 3 3 3 2 4
4 1 1 1 3 1 2 3 1 2 1 3 1 1 3 1 4 4 3 3 1 4 3 3 1 2 2 3 1 3 1 3 3 1 3 1 4 2 3 3 4 4
4 1 3 2 1 3 1 3 1 3 1 4 1 4 3 3 1 3 1 3 4 1 2 3 1 1 3 4 1 1 3 1 2 3 1 3 1 4 1 4 3 4
4 3 1 2 1 3 3 2 1 3 3 3 1 3 3 2 1 1 1 4 2 3 2 3 1 3 2 1 3 2 2 1 2 2 3 3 3 2 4 2 3 4
4 3 4 3 2 4 1 2 3 3 4 1 1 2 1 1 1 4 3 1 4 2 3 1 2 4 3 4 3 3 2 1 3 1 3 3 3 4 1 4 1 4 
4 1 3 4 3 2 4 3 2 1 2 3 3 3 4 3 3 3 3 3 1 3 4 4 4 2 1 2 1 1 1 1 3 2 1 1 4 3 3 2 4 4
4 4 4 4 4 4 4 4 4 4 4 4 4 4 4 4 4 4 4 4 4 4 4 4 4 4 4 4 4 4 4 4 4 4 4 4 4 4 4 4 4 4