5
15
840

[Depot]
  0  25,000  25,000   0   0   
 31  25,000  25,000   0   0    

[Pickup]
  1  34,548  16,947   0   9  28   527  647
  2  28,402  46,895   0  10  59   143  263
  3  16,459  40,222   0  14  45   144  264
  4   2,980  41,789   0  11  17   154  274
  5  27,881  11,250   0  12  31   203  323
  6  12,338  31,567   0  14  47    22  142
  7  24,993  36,846   0   6  45   137  257
  8  34,128  43,463   0  12  19   411  531
  9  37,055  14,494   0  10  45   510  630
 10  42,347  34,900   0  12  70   193  313
 11  21,314  35,006   0  10  11   325  445
 12   4,802   1,609   0  10  76    80  200
 13   3,391  29,245   0  11  49   149  269
 14  32,467  49,455   0  15  55   272  392
 15  40,532  24,883   0  14  12   115  235
  
 
[Delivery]
 16  13,850  26,773   0  -9  20 549  669
 17  34,924  33,086   0 -10  20 158  278
 18  31,720  11,567   0 -14  20 176  296
 19  28,881  37,179   0 -11  20 180  300
 20  41,328  33,122   0 -12  20 228  348
 21  17,327  29,285   0 -14  20  27  147
 22  22,503  21,888   0  -6  20 152  272
 23  22,048  24,351   0 -12  20 433  553
 24  36,595  28,844   0 -10  20 524  644
 25   1,654   3,597   0 -12  20 244  364
 26  47,114   2,880   0 -10  20 366  486
 27   1,391  41,648   0 -10  20 120  240
 28   7,407  46,855   0 -11  20 167  287
 29  18,813  46,961   0 -15  20 285  405
 30  40,003  25,432   0 -14  20 115  235
 

[Speed 0]
  0,0 120,0 0,0 0,5
120,0 600,0 0,0 0,81
600,0 720,0 0,0 0,5 
720,0 840,0 0,0 0,81

[Speed 1]
  0,0 120,0 0,0 0,67
120,0 600,0 0,0 1,33
600,0 720,0 0,0 0,88 
720,0 840,0 0,0 1,33

[Speed 2]
  0,0 120,0 0,0 0,88
120,0 600,0 0,0 1,33
600,0 720,0 0,0 0,67 
720,0 840,0 0,0 1,33

[Speed 3]
  0,0 120,0 0,0 0,85
120,0 600,0 0,0 1,5
600,0 720,0 0,0 0,85 
720,0 840,0 0,0 1,5

[Speed 4]
  0,0 120,0 0,0 1,0
120,0 600,0 0,0 2,0
600,0 720,0 0,0 1,0 
720,0 840,0 0,0 2,0


[speed choose matrix]
4 4 4 4	4 4 4 4	4 4 4 4	4 4 4 4	4 4 4 4	4 4 4 4	4 4 4 4 4 4 4 4  
4 4 3 2 0 1 2 4 3 2 1 4 2 3 3 1 3 1 2 3 2 1 2 3 3 2 1 3 2 1 2 4
4 3 4 3 2 4 1 0 2 3 4 2 3 2 1 3 4 3 3 2 2 3 3 3 2 1 1 2 3 1 3 4 
4 1 3 4 3 2 4 3 0 1 2 1 2 4 2 0 1 2 3 1 3 4 2 3 2 2 3 3 2 2 1 4
4 0 1 3 4 3 1 4 2 4 0 1 3 2 0 4 3 3 2 1 1 2 4 3 1 2 3 0 1 1 2 4
4 2 4 1 3 4 3 2 1 1 2 3 4 0 3 2 1 2 3 1 2 3 2 2 3 2 1 3 3 2 2 4
4 1 2 4 2 3 4 3 2 2 1 3 1 4 2 3 1 1 1 2 3 3 2 4 0 2 2 2 3 1 2 4
4 4 0 3 4 1 3 4 3 2 4 2 3 1 3 0 4 3 2 2 1 3 2 3 1 1 3 1 2 3 2 4
4 3 1 0 1 2 1 3 4 1 1 3 3 2 2 4 0 2 3 3 2 4 0 2 2 3 1 0 1 1 3 4
4 1 3 2 4 2 1 1 2 4 2 2 1 1 3 3 1 1 3 3 1 2 2 4 0 1 1 2 3 2 1 4
4 2 4 1 0 1 2 4 2 1 4 3 3 2 2 1 3 3 3 2 1 3 3 2 2 1 1 3 2 2 2 4
4 4 1 2 2 3 3 1 3 1 3 4 2 1 1 3 2 1 3 2 1 3 4 3 1 2 2 2 1 1 3 4 
4 1 3 1 3 4 2 3 3 2 3 1 4 2 3 4 1 3 3 3 2 1 2 3 3 2 1 1 2 1 2 4
4 3 1 4 1 0 4 2 1 2 1 2 1 4 2 3 1 4 2 3 2 3 2 2 0 4 3 0 1 2 3 4
4 3 2 1 0 3 1 3 1 3 1 2 3 1 4 0 2 3 2 4 1 2 2 3 3 0 1 2 0 1 1 4
4 2 3 0 4 1 3 0 4 3 2 3 4 3 0 4 2 4 2 3 4 4 2 1 2 3 3 3 3 2 1 4
4 3 4 2 3 2 2 4 0 2 3 1 2 2 1 1 4 1 2 1 3 2 2 0 1 1 2 2 1 2 1 4
4 2 3 1 3 1 2 3 1 2 3 2 3 4 3 4 2 4 2 1 1 3 2 1 2 3 1 3 1 1 2 4
4 1 3 3 1 3 2 1 3 3 3 3 3 1 1 1 1 1 4 3 2 2 3 2 1 2 3 2 3 3 1 4
4 3 1 2 2 2 1 1 3 3 1 1 3 3 4 3 2 2 3 4 3 4 2 4 0 1 1 2 3 4 2 4  
4 1 1 3 2 1 3 2 1 2 2 2 1 1 2 4 3 2 1 3 4 2 3 3 1 1 3 1 0 4 2 4
4 2 3 4 1 3 3 3 4 1 3 3 1 3 1 4 1 3 1 4 1 4 3 0 1 2 2 4 1 0 2 4
4 1 3 1 4 1 1 1 0 1 3 4 3 1 1 1 1 1 3 1 3 3 4 3 0 2 1 0 4 4 3 4
4 3 3 3 3 1 4 3 1 4 1 3 3 1 3 2 0 2 1 4 3 0 3 4 2 2 3 3 2 4 0 4 
4 3 1 1 2 3 0 2 1 0 1 2 1 0 3 1 2 1 2 0 2 2 0 1 4 2 3 2 3 1 1 4 
4 1 2 1 1 1 1 2 3 2 2 1 1 4 0 3 2 3 1 2 2 1 1 1 1 4 1 2 2 3 1 4 
4 2 2 3 3 2 1 3 2 2 2 1 2 3 2 3 1 2 3 2 3 1 2 3 3 2 4 3 3 1 1 4
4 3 1 3 0 3 1 2 0 1 3 1 2 0 1 3 1 3 1 1 2 4 0 3 1 1 3 4 1 1 2 4
4 1 3 1 2 3 3 1 2 3 1 2 1 2 0 3 2 2 3 3 0 2 4 1 3 1 3 2 4 0 3 4
4 2 2 1 2 1 2 3 2 1 1 2 2 1 2 1 1 2 3 4 4 0 4 4 2 3 2 2 0 4 2 4
4 1 3 2 1 1 1 1 3 2 1 3 1 3 2 2 2 1 2 1 1 1 2 0 2 2 2 1 3 1 4 4
4 4 4 4 4 4 4 4 4 4 4 4 4 4 4 4 4 4 4 4 4 4 4 4 4 4 4 4 4 4 4 4