5
15
840

[Depot]
  0  25,000  25,000   0   0   
 81  25,000  25,000   0   0    

[Pickup]
  1  34,548  16,947   0   9  28   527  647
  2  28,402  46,895   0  10  59   143  263
  3  16,459  40,222   0  14  45   144  264
  4   2,980  41,789   0  11  17   154  274
  5  27,881  11,250   0  12  31   203  323
  6  12,338  31,567   0  14  47    22  142
  7  24,993  36,846   0   6  45   137  257
  8  34,128  43,463   0  12  19   411  531
  9  37,055  14,494   0  10  45   510  630
 10  42,347  34,900   0  12  70   193  313
 11  21,314  35,006   0  10  11   325  445
 12   4,802   1,609   0  10  76    80  200
 13   3,391  29,245   0  11  49   149  269
 14  32,467  49,455   0  15  55   272  392
 15  40,532  24,883   0  14  12   115  235
 16  43,111   6,773   0   8  53   374  494
 17   7,223  34,563   0   8  39    89  209
 18  16,030  15,249   0   8  33   535  655
 19   8,135  15,820   0  14  21   151  271
 20  30,819   3,480   0   7  65   560  680
 21  15,362  11,994   0  11  39   347  467
 22   5,307   2,384   0  15  49   182  302
 23  47,712  34,265   0   6  73   545  665
 24   9,968  45,713   0  10  29   458  578
 25  39,265  24,082   0   7  51   381  501
 26  39,826  36,958   0  15  42   203  323
 27  31,608   6,402   0  14  37    39  159
 28   0,621  16,762   0   5  26   280  400
 29  33,641  41,836   0  13  46   184  304
 30  18,985  21,045   0   9  72   365  485
 31  27,031   7,841   0   7  53    70  190
 32  32,057   9,578   0  11  65    33  153
 33  42,026  44,074   0   8  18   541  661
 34  34,019  12,171   0  11  56    23  143
 35  41,886  31,076   0  13  55    33  153
 36  44,692  14,562   0  11  37   319  439
 37   8,588  23,120   0   5  19    26  146
 38  21,135  31,892   0   5  43   531  651
 39  13,347  44,698   0   7  51   254  374
 40  27,508  18,838   0   8  37    97  217
 
[Delivery]
 41  13,850  26,773   0  -9 20 549  669
 42  34,924  33,086   0 -10 20 158  278
 43  31,720  11,567   0 -14 20 176  296
 44  28,881  37,179   0 -11 20 180  300
 45  41,328  33,122   0 -12 20 228  348
 46  17,327  29,285   0 -14 20  27  147
 47  22,503  21,888   0  -6 20 152  272
 48  22,048  24,351   0 -12 20 433  553
 49  36,595  28,844   0 -10 20 524  644
 50   1,654   3,597   0 -12 20 244  364
 51  47,114   2,880   0 -10 20 366  486
 52   1,391  41,648   0 -10 20 120  240
 53   7,407  46,855   0 -11 20 167  287
 54  18,813  46,961   0 -15 20 285  405
 55  40,003  25,432   0 -14 20 115  235
 56  14,914  28,117   0  -8 20 409  529
 57  22,596   8,832   0  -8 20 118  238
 58  17,636  45,275   0  -8 20 565  685
 59  46,958   7,90    0 -14 20 190  310
 60  34,451   5,703   0  -7 20 564  684
 61   2,994  22,136   0 -11 20 362  482
 62  38,333  39,870   0 -15 20 231  351
 63  13,195  12,961   0  -6 20 585  705
 64  16,605  25,788   0 -10 20 479  599
 65   5,014  42,745   0  -7 20 420  540
 66  26,079   1,820   0 -15 20 240  360
 67   3,522  33,992   0 -14 20  78  198
 68  41,104  34,886   0  -5 20 324  444
 69  14,032  29,354   0 -13 20 207  327
 70  29,085  43,067   0  -9 20 389  509
 71  11,656  13,989   0  -7 20  86  206
 72  45,083  38,459   0 -11 20  64  184
 73  29,697   8,788   0  -8 20 578  698
 74  48,224  25,855   0 -11 20  42  162
 75  46,562  12,931   0 -13 20  51  171
 76  16,660   2,533   0 -11 20 349  469
 77  12,706  18,166   0  -5 20  32  152
 78  43,191  15,209   0  -5 20 558  678
 79  35,998  25,518   0  -7 20 283  403
 80   3,739   8,584   0  -8 20 122  242

[Speed 0]
  0,0 120,0 0,0 0,5
120,0 600,0 0,0 0,81
600,0 720,0 0,0 0,5 
720,0 840,0 0,0 0,81

[Speed 1]
  0,0 120,0 0,0 0,67
120,0 600,0 0,0 1,33
600,0 720,0 0,0 0,88 
720,0 840,0 0,0 1,33

[Speed 2]
  0,0 120,0 0,0 0,88
120,0 600,0 0,0 1,33
600,0 720,0 0,0 0,67 
720,0 840,0 0,0 1,33

[Speed 3]
  0,0 120,0 0,0 0,85
120,0 600,0 0,0 1,5
600,0 720,0 0,0 0,85 
720,0 840,0 0,0 1,5

[Speed 4]
  0,0 120,0 0,0 1,0
120,0 600,0 0,0 2,0
600,0 720,0 0,0 1,0 
720,0 840,0 0,0 2,0


[speed choose matrix]
1 4 2 0 0 4 4 0 2 2 3 3 0 1 4 2 2 0 0 4 1 2 2 1 3 4 2 3 4 0 4 3 4 0 2 4 1 0 4 2 4 0 3 1 4 4 2 4 2 0 1 1 0 3 2 1 1 4 1 2 4 3 0 0 2 1 0 2 3 0 3 0 2 3 1 4 3 2 0 3 0 0 
1 4 4 2 3 4 2 0 1 1 0 4 0 2 1 1 2 0 1 1 0 2 0 0 0 2 2 2 4 4 4 2 1 4 1 2 4 2 4 1 3 1 4 2 2 0 3 4 3 3 2 2 4 1 4 1 0 4 1 1 3 4 4 0 1 0 4 2 2 2 4 2 2 3 0 3 3 0 2 1 3 2 
3 0 2 2 4 1 3 1 2 0 1 0 1 1 0 0 0 4 2 3 0 3 4 4 2 3 4 0 3 4 4 2 2 3 3 0 0 3 3 2 2 1 3 1 4 0 0 2 3 1 1 0 3 1 2 3 4 2 2 3 0 4 3 0 2 4 4 2 3 4 3 4 4 1 2 2 2 2 1 0 2 4 
0 3 3 1 3 0 2 3 0 4 3 2 2 4 4 2 3 4 4 1 1 1 2 3 2 2 4 4 2 0 4 2 2 0 2 1 1 2 2 4 2 0 0 0 3 4 4 3 2 4 4 4 0 1 3 3 3 2 2 1 1 0 1 0 4 0 4 4 4 3 2 1 2 0 0 0 1 4 4 2 3 3 
3 1 0 4 1 4 4 3 0 4 2 2 1 3 2 2 4 0 3 4 1 3 2 1 4 3 4 3 2 4 1 0 2 4 4 1 3 1 4 0 3 0 3 3 4 0 3 1 4 2 3 3 0 0 0 3 0 0 4 3 3 2 4 1 4 0 0 3 0 2 0 2 4 3 1 1 1 3 1 0 3 4 
4 1 4 2 2 3 3 2 2 4 1 4 4 2 2 2 1 4 3 2 0 1 4 3 1 4 4 2 2 1 1 0 2 1 3 2 1 0 4 4 1 1 0 4 1 0 2 2 3 2 1 0 0 2 2 0 4 2 1 0 4 3 2 3 1 0 2 3 4 4 3 0 3 2 0 4 4 2 1 2 0 4 
0 1 2 2 1 1 0 1 4 4 3 3 4 4 4 1 3 0 3 4 4 2 3 1 1 3 1 0 4 2 1 1 1 4 2 0 1 2 1 4 2 4 0 4 3 4 1 0 0 0 4 0 3 4 1 0 4 2 0 3 1 1 0 0 1 3 3 1 1 4 0 4 4 3 4 3 1 2 2 4 4 4 
0 0 2 3 3 4 0 2 2 0 3 2 2 0 1 1 4 1 0 4 2 1 3 3 1 4 4 1 2 1 1 3 4 0 4 3 2 2 1 1 1 1 4 0 3 1 2 2 4 0 4 2 3 2 1 0 0 0 0 0 4 3 0 0 0 0 3 1 3 0 2 1 1 1 4 1 1 1 0 1 2 2 
3 2 1 1 3 0 4 4 0 3 2 4 4 0 4 0 2 4 2 1 2 1 3 2 3 1 4 2 2 2 3 0 1 1 2 2 0 4 3 3 3 4 2 3 1 1 2 1 3 2 4 4 0 4 4 0 4 2 3 3 0 4 2 1 2 3 3 3 4 1 2 3 0 2 1 2 0 3 4 1 4 3 
0 0 1 0 1 0 1 3 3 4 1 3 0 4 0 0 1 1 1 2 0 4 1 0 3 1 3 3 2 1 4 1 0 0 1 4 0 3 4 2 0 3 4 3 0 0 4 0 2 0 3 4 2 2 2 2 4 0 3 1 0 2 0 4 0 1 1 2 3 2 0 1 2 4 2 0 0 2 1 4 2 0 
1 3 2 3 1 2 1 2 2 1 3 2 0 1 4 0 4 1 2 0 1 3 4 1 4 4 3 0 2 3 3 2 1 0 0 4 4 3 1 2 4 4 1 0 4 1 2 4 2 3 4 1 1 0 3 4 0 3 4 1 4 4 2 3 0 3 2 4 4 3 4 1 1 3 2 1 3 1 1 0 1 3 
2 0 0 0 0 3 1 4 3 2 1 2 3 0 4 0 3 1 0 0 3 3 0 4 4 4 0 1 1 2 3 0 3 1 1 0 4 2 1 2 3 2 2 4 4 3 4 0 0 3 1 3 1 3 4 4 4 4 2 3 1 3 2 0 3 2 3 3 4 1 0 1 1 4 3 2 1 1 1 1 2 0 
1 2 0 2 0 2 0 2 0 0 0 4 1 0 3 2 2 3 4 4 4 4 3 1 4 1 4 3 3 1 2 1 0 0 3 4 3 1 0 1 2 0 2 1 3 3 3 1 4 4 3 0 2 3 2 4 2 3 4 0 4 1 2 2 4 4 0 3 1 3 3 4 3 0 4 4 0 4 1 4 2 2 
2 3 2 1 0 4 1 3 0 2 4 3 4 2 1 1 2 2 4 1 1 2 4 0 4 2 3 0 1 0 4 3 2 1 3 1 1 4 2 1 0 2 1 1 3 4 0 1 0 1 0 4 4 3 3 1 4 0 3 0 2 2 2 1 4 0 2 2 0 0 3 2 2 3 0 2 0 2 1 4 1 3 
1 0 2 3 1 3 1 0 2 2 0 0 1 4 3 1 1 2 2 2 1 1 0 2 1 3 0 1 1 4 0 4 2 1 1 0 1 3 1 4 1 3 0 1 0 1 1 4 3 3 0 2 0 0 2 4 3 2 4 4 4 0 3 4 3 4 1 2 2 2 1 0 1 3 4 2 1 0 1 1 4 3 
2 3 0 1 4 2 1 4 2 1 3 2 3 4 4 1 1 3 0 3 1 1 0 3 3 2 2 2 0 1 4 3 1 0 0 4 4 2 2 2 2 0 4 4 4 1 2 2 2 3 2 4 3 0 4 4 4 4 0 1 2 4 1 4 0 3 2 2 3 1 4 1 2 1 4 0 3 0 3 4 2 3 
1 2 3 3 0 0 1 4 1 0 1 2 2 2 0 4 3 4 2 2 0 2 3 3 2 0 0 3 4 4 2 0 0 3 1 4 0 4 2 0 3 1 4 2 2 3 0 4 4 2 2 0 0 1 3 0 4 4 0 1 4 1 0 2 1 0 2 1 1 1 4 4 3 4 4 0 3 2 3 2 3 0 
4 3 3 2 2 2 0 0 2 3 0 4 3 1 4 0 0 4 0 1 4 3 2 4 0 3 0 2 4 2 3 0 4 1 1 0 1 0 2 3 3 3 3 3 3 4 0 3 4 2 2 2 1 0 4 4 1 2 0 3 0 3 0 2 0 2 3 3 4 3 2 0 3 1 1 4 4 4 1 1 0 0 
3 4 0 1 2 3 2 3 2 3 1 4 0 3 0 2 1 3 2 2 4 2 4 1 3 2 2 3 0 2 1 4 0 3 1 0 0 4 0 1 0 3 4 3 3 1 3 4 2 4 2 3 1 3 1 0 4 4 1 2 3 4 3 4 4 2 3 2 1 0 3 2 3 3 1 4 0 0 0 0 2 2 
2 4 1 4 0 0 2 1 1 0 0 3 3 2 4 1 0 4 3 3 0 0 1 2 4 0 0 1 1 2 0 2 2 4 0 3 1 4 1 3 0 3 1 2 4 4 2 1 3 3 2 4 4 4 4 0 2 2 4 2 3 2 3 3 0 2 4 4 3 3 2 1 3 2 1 2 3 0 0 0 1 3 
2 1 0 0 3 1 1 4 2 2 3 2 1 3 1 0 3 1 3 4 4 4 1 3 4 3 4 0 1 4 0 3 0 4 0 3 0 4 4 0 2 1 3 1 1 3 4 3 1 2 1 0 2 1 2 0 0 1 2 4 2 4 4 4 2 2 4 4 1 4 0 3 4 1 3 3 2 1 0 3 4 2 
1 1 1 1 3 0 2 0 4 2 0 4 2 3 3 2 4 3 0 0 1 4 0 2 1 3 4 3 2 1 2 4 4 3 3 2 1 0 4 1 2 0 4 4 3 3 2 4 3 1 3 3 1 2 1 1 4 4 3 3 1 1 2 0 2 4 2 1 0 3 1 4 3 4 1 1 0 4 3 2 3 0 
4 2 0 0 4 1 3 1 4 4 4 2 1 3 1 4 2 4 4 0 2 3 1 2 1 0 2 2 2 3 3 1 3 3 3 4 3 0 2 2 4 2 1 2 0 4 2 2 0 1 1 1 3 0 4 3 0 3 1 3 2 4 2 4 4 3 4 3 3 0 1 1 1 2 0 0 0 2 1 0 0 2 
2 1 3 0 2 2 1 1 4 1 3 1 2 0 2 0 4 4 3 4 2 1 3 2 3 0 3 4 4 4 1 1 0 4 0 1 2 1 1 3 4 1 0 4 0 4 2 3 1 2 4 1 1 4 3 4 1 2 3 4 1 1 3 0 1 3 3 1 0 2 3 4 3 0 0 4 3 4 4 0 3 1 
1 0 4 3 3 2 0 4 4 0 4 3 3 2 4 1 3 2 2 1 3 2 1 3 0 4 2 3 4 1 1 4 0 3 2 1 0 3 3 2 4 2 1 3 0 2 4 1 3 1 4 0 2 1 1 4 3 1 1 0 1 2 1 1 1 3 0 0 0 4 1 0 3 2 2 0 0 2 4 0 2 2 
1 0 2 0 2 4 0 3 0 2 4 4 2 1 1 3 0 3 2 4 2 0 2 2 1 3 2 1 4 3 1 1 1 0 0 3 0 0 3 0 4 1 3 2 1 0 0 1 1 3 1 4 4 1 3 4 3 0 2 2 4 0 4 4 4 1 1 2 2 2 4 4 2 2 2 3 1 1 3 4 3 0 
4 0 0 3 4 0 4 2 0 0 3 2 3 0 3 4 3 0 4 4 0 2 4 1 3 2 0 0 4 1 3 1 4 3 2 1 1 1 3 4 1 1 1 1 3 0 1 0 0 0 3 0 4 4 4 3 0 4 1 2 1 4 0 1 4 4 4 1 3 0 0 2 4 1 4 3 4 1 1 1 1 3 
3 0 4 0 2 2 0 2 2 0 4 0 0 1 0 3 0 0 2 0 4 2 4 1 3 1 3 4 0 0 0 4 2 3 1 3 1 0 0 1 4 1 2 0 0 0 1 3 2 1 2 3 2 1 0 2 0 4 4 2 4 2 0 0 2 4 3 1 4 3 4 0 1 4 2 3 2 1 4 3 2 1 
3 0 1 4 1 3 2 2 2 4 3 1 0 0 2 2 3 0 1 3 3 1 2 1 2 2 1 1 1 1 1 0 4 2 2 1 0 0 3 1 1 3 1 3 4 3 2 2 4 0 3 2 0 4 2 4 3 2 1 2 4 4 0 3 2 0 2 3 1 2 2 2 4 0 0 1 2 2 1 0 0 0 
3 0 4 3 4 4 1 3 1 1 2 1 3 3 0 3 1 4 2 1 1 0 1 0 4 2 1 1 1 1 3 0 2 1 1 3 1 0 1 4 1 3 4 4 1 4 0 4 1 0 3 3 0 4 0 3 3 2 3 3 1 0 2 1 3 0 0 3 4 3 0 2 0 2 4 2 2 2 1 3 1 3 
3 2 2 4 0 2 3 3 1 1 4 1 0 0 4 0 3 2 2 3 1 1 3 4 2 1 4 0 0 3 2 0 2 3 2 0 3 3 4 1 1 0 4 2 4 3 1 3 1 0 3 2 1 4 0 0 3 2 4 3 3 4 1 0 3 4 2 2 4 2 4 1 0 0 4 4 0 4 2 2 0 2 
4 4 2 3 4 3 2 3 1 0 0 3 3 2 4 3 3 0 1 2 0 0 2 1 0 1 0 1 2 0 1 2 4 1 2 1 1 0 0 2 3 1 4 4 1 4 3 2 4 3 4 3 2 0 1 4 2 4 0 3 1 4 3 2 2 3 2 4 3 4 4 3 0 1 4 4 0 2 1 3 2 1 
1 4 2 0 3 4 4 0 1 1 2 1 0 4 2 1 4 1 1 4 1 3 2 1 2 1 3 3 1 0 0 2 3 0 0 4 3 1 4 0 2 2 4 2 4 1 4 0 2 1 4 4 2 1 3 2 0 1 4 2 0 3 3 2 0 4 1 3 0 1 1 1 1 0 3 2 2 0 1 0 3 4 
3 3 0 0 2 1 3 1 4 2 3 0 1 1 2 1 2 2 3 3 0 4 2 0 1 4 1 1 4 4 0 4 1 2 0 0 3 3 2 3 4 0 1 0 1 3 2 1 4 0 3 1 2 4 1 4 1 0 4 1 2 1 2 0 1 3 4 3 2 0 0 2 0 4 0 1 3 2 0 0 1 1 
4 4 4 3 1 1 2 0 4 3 1 0 0 1 0 2 4 0 2 2 3 0 0 3 4 3 2 3 1 2 1 4 2 0 4 0 1 3 1 1 4 4 0 2 4 1 2 0 2 0 4 4 4 1 2 3 0 1 2 1 3 0 4 0 4 4 4 0 0 4 1 2 0 1 0 1 4 0 2 4 2 3 
2 1 2 3 2 0 3 2 0 3 0 3 4 1 1 3 0 4 4 0 3 4 0 3 3 2 4 3 4 1 3 3 3 4 1 4 2 4 2 3 2 2 4 1 2 4 0 1 2 1 3 1 3 2 2 4 1 2 4 1 1 3 0 1 0 3 4 0 4 0 0 0 3 2 2 3 0 3 4 1 1 1 
4 4 1 2 1 2 1 4 3 4 3 1 3 2 2 1 3 3 4 0 1 2 0 4 1 0 2 2 3 2 3 2 0 4 3 1 2 1 0 1 3 2 2 1 3 0 2 1 0 3 4 1 3 3 3 1 0 4 2 3 0 3 2 1 4 4 1 3 4 1 1 1 1 3 2 3 2 0 2 1 4 3 
3 0 1 3 2 3 1 4 2 3 3 1 1 0 4 0 0 3 3 0 2 2 3 1 0 3 4 2 4 1 2 2 1 1 2 4 4 4 1 4 3 0 4 3 1 1 3 4 3 2 2 4 0 1 2 2 2 4 0 4 3 2 4 0 4 1 2 3 3 1 3 0 1 2 0 2 1 1 2 2 0 0 
0 0 2 4 0 2 2 1 3 2 2 4 1 0 3 2 1 0 4 0 2 0 3 4 0 4 2 3 2 2 0 3 4 4 0 0 2 3 2 0 0 1 1 3 2 2 1 3 1 2 4 4 3 4 3 2 3 2 2 0 2 4 1 2 1 1 2 0 3 4 2 3 0 2 4 0 1 3 0 0 4 3 
0 4 4 2 1 4 2 4 0 3 3 4 0 4 2 1 3 3 2 2 0 4 2 2 0 0 1 2 1 2 0 2 0 3 1 1 4 0 1 3 2 0 4 4 4 1 1 4 3 2 1 3 3 1 3 3 1 0 0 3 2 2 0 1 3 3 2 3 4 4 0 4 4 1 4 2 4 1 3 4 2 0 
1 2 2 4 3 1 0 3 0 3 4 0 1 4 3 1 1 0 0 3 3 0 3 3 3 1 1 2 2 2 0 2 0 1 1 2 0 0 2 0 1 1 2 4 2 1 1 0 1 0 3 4 2 2 3 1 2 3 2 4 3 3 3 1 2 0 4 3 3 3 3 2 4 4 4 4 3 4 2 1 2 1 
0 3 2 3 3 1 3 1 3 0 1 0 4 0 1 4 1 3 1 3 4 4 0 3 0 0 1 1 1 2 1 1 3 3 2 4 4 3 3 4 1 0 0 0 3 4 3 2 4 4 0 0 3 1 0 1 4 2 2 0 3 1 1 3 4 1 4 2 2 3 3 1 1 1 2 2 1 2 0 1 1 1 
2 1 0 4 4 1 2 2 1 0 3 2 0 2 4 4 1 4 2 0 1 3 4 0 3 3 0 0 1 1 2 1 4 0 1 3 0 3 4 2 1 2 2 2 3 4 2 0 1 0 1 0 3 2 0 1 4 4 2 0 2 2 3 3 2 2 1 0 1 1 1 0 4 0 4 2 2 4 1 2 0 4 
4 0 4 0 2 4 3 2 1 1 0 1 2 4 3 1 3 0 0 1 4 4 3 4 4 3 4 2 1 3 1 2 2 4 1 3 2 2 2 3 2 3 1 0 1 2 1 4 3 0 0 0 3 3 4 2 2 4 1 4 4 0 2 3 3 3 4 4 0 1 1 4 1 2 4 2 3 1 2 1 1 1 
1 0 1 4 3 3 2 3 1 4 1 0 1 1 4 1 4 0 4 0 1 0 1 2 2 3 4 2 2 3 1 1 2 0 2 0 1 2 1 4 1 1 0 0 2 0 3 4 0 3 0 3 3 4 2 4 4 0 4 3 2 1 3 1 4 4 1 0 4 3 4 0 2 2 0 3 2 2 0 1 2 4 
2 4 0 4 0 4 2 0 2 1 3 3 4 4 2 2 3 0 1 2 3 3 4 2 3 1 1 1 4 2 4 3 0 2 4 2 1 1 0 4 4 1 4 4 2 0 0 4 1 0 3 1 1 1 2 0 4 0 3 3 3 0 1 0 3 3 0 3 2 4 3 0 0 0 2 4 4 2 3 0 0 1 
2 1 3 2 3 0 1 4 4 3 1 4 4 1 4 3 2 1 2 2 4 0 0 1 4 4 1 3 0 4 0 4 3 2 0 4 1 2 4 1 0 0 1 0 3 2 1 2 2 0 2 2 1 2 1 0 1 2 4 4 4 3 2 0 1 3 1 4 1 0 4 3 0 1 4 4 4 1 3 2 2 0 
1 2 0 3 4 1 0 3 2 0 3 3 1 4 1 4 2 3 1 1 4 3 0 1 3 1 0 1 1 1 3 2 3 1 4 4 0 4 3 2 4 2 1 0 1 3 2 2 1 3 4 2 0 1 4 1 1 3 0 2 2 2 1 1 3 1 0 4 1 1 4 2 3 2 1 1 2 3 2 4 1 2 
4 2 0 0 4 1 4 3 2 3 3 0 0 3 4 0 3 4 0 4 3 0 4 3 2 1 2 1 3 1 2 2 0 4 0 0 4 4 2 0 0 4 3 1 3 4 0 0 3 4 0 1 0 4 2 2 0 2 1 1 0 0 4 0 3 1 3 3 1 2 4 0 4 0 2 2 1 0 3 2 0 1 
3 2 0 0 3 4 2 2 3 0 1 3 3 4 0 1 0 4 3 2 0 1 1 0 4 0 3 3 4 0 4 3 2 0 1 1 3 3 1 1 4 2 4 0 0 0 2 4 3 2 4 2 2 4 0 2 2 0 0 3 0 4 0 3 3 3 1 2 3 1 1 2 1 4 0 3 2 3 1 2 1 0 
2 2 2 2 4 3 4 0 2 2 0 3 1 1 0 1 0 4 4 3 2 1 4 4 2 3 1 1 2 2 0 2 0 0 1 4 0 2 0 3 4 3 3 0 1 1 2 0 0 4 3 4 1 4 2 4 0 4 0 4 1 3 1 3 3 3 3 4 1 4 0 4 0 0 2 1 2 4 3 1 1 0 
0 4 1 4 0 4 0 2 1 3 2 0 1 3 0 1 1 3 4 2 4 1 3 0 3 0 2 2 0 3 1 2 0 1 2 3 0 0 1 0 4 2 4 2 0 1 1 1 0 4 4 2 0 2 0 4 0 0 4 4 0 4 4 2 1 4 3 1 3 3 1 1 3 2 0 3 3 2 3 3 3 2 
2 0 0 3 0 4 3 0 3 1 4 0 2 2 2 0 0 4 2 3 2 0 0 0 0 3 4 2 4 0 2 1 1 0 3 2 0 0 2 0 4 2 3 3 1 2 3 1 2 4 0 2 0 3 2 3 2 1 2 4 4 1 4 4 3 2 0 3 1 2 3 3 1 1 0 3 4 0 4 1 4 2 
0 0 2 3 2 2 2 4 4 3 4 4 3 4 3 1 3 3 2 1 0 0 0 3 3 2 4 1 3 2 2 4 1 2 2 1 0 2 1 2 1 1 2 2 3 2 1 4 1 1 0 3 2 2 4 4 1 3 2 3 3 0 4 4 4 3 3 4 3 2 1 4 1 0 4 2 1 0 4 1 0 0 
1 0 4 3 0 4 2 2 0 0 0 0 2 2 3 0 1 0 0 2 4 3 3 2 0 2 2 4 1 2 3 0 1 3 0 1 1 4 1 1 4 4 1 4 4 3 1 0 3 3 2 1 0 4 3 4 3 1 0 2 3 4 0 4 2 4 3 1 4 3 4 4 4 2 1 1 3 3 1 4 0 1 
2 4 2 3 1 1 0 3 3 4 2 2 2 1 4 4 0 4 0 1 4 1 0 2 1 0 4 3 3 1 1 3 2 4 4 2 2 3 1 0 2 2 3 3 3 1 2 4 2 3 2 1 4 3 0 3 4 0 0 3 3 1 1 2 3 2 1 4 4 3 4 0 0 0 2 4 0 2 0 0 2 4 
0 0 0 4 4 4 4 4 4 2 0 2 1 3 2 2 2 2 1 4 1 3 3 3 1 1 0 0 4 4 3 0 4 3 1 4 2 3 2 2 2 0 4 4 4 2 0 2 2 3 1 3 3 4 1 0 0 1 0 3 0 4 4 3 1 2 2 4 1 3 2 2 0 1 0 2 0 4 2 3 4 4 
3 0 1 0 3 4 2 3 2 2 3 3 2 4 3 0 1 3 4 3 3 3 0 1 4 3 4 2 2 4 0 2 2 2 3 1 4 2 3 1 2 1 2 0 0 1 2 4 4 2 1 4 3 2 1 1 3 4 3 1 2 4 4 4 2 2 4 2 1 2 4 1 2 1 3 0 0 2 3 0 1 4 
4 2 4 4 2 2 1 0 0 4 0 3 3 4 4 1 3 3 4 1 4 0 4 4 0 1 2 1 0 4 1 1 4 3 2 2 1 0 4 4 4 4 3 1 2 3 1 2 3 3 1 0 4 2 1 2 2 4 2 2 2 3 4 0 2 1 3 3 3 2 3 1 3 4 2 3 4 4 0 1 1 0 
3 3 1 4 0 2 1 4 0 0 3 2 0 0 1 0 3 2 2 2 1 2 1 4 1 2 1 2 4 4 3 1 0 0 2 1 0 0 1 3 3 2 4 3 0 4 3 3 2 3 1 2 3 2 1 4 4 0 1 1 3 1 4 4 3 1 3 3 0 3 0 0 3 0 3 2 3 4 2 0 0 3 
3 1 3 0 3 1 2 4 4 2 0 4 2 2 0 0 0 3 4 1 4 3 2 3 0 0 4 3 1 0 3 4 1 2 4 1 2 3 1 0 1 1 4 0 0 4 0 4 3 2 4 0 2 2 4 1 3 1 1 0 1 4 4 2 4 1 4 0 0 0 4 2 1 2 3 3 1 4 4 0 1 1 
1 0 1 0 3 2 3 1 4 1 4 2 3 4 3 1 1 2 0 2 3 0 3 4 2 3 2 4 4 0 4 4 4 3 4 3 0 3 0 4 3 0 1 1 2 0 0 0 0 4 3 1 4 4 4 3 2 3 2 1 4 1 3 4 1 0 2 2 0 1 3 3 4 1 2 1 3 4 2 2 3 2 
1 2 3 4 4 0 3 3 1 4 1 2 2 0 2 4 3 0 1 3 1 2 3 1 4 3 3 1 3 2 0 2 1 3 3 2 0 4 0 1 1 4 0 4 2 1 1 3 1 4 0 0 2 1 4 4 2 1 4 0 4 2 0 1 1 4 0 2 3 2 0 0 0 2 1 1 4 4 2 1 2 3 
0 2 3 3 2 0 2 0 2 0 3 0 1 2 3 0 4 2 1 0 1 3 3 2 3 0 1 1 2 0 3 1 0 0 3 2 3 4 4 4 0 4 0 0 3 1 3 2 1 4 1 3 0 3 4 0 1 0 4 0 0 1 3 0 0 1 2 2 0 3 4 0 0 4 1 1 3 4 1 3 0 1 
0 2 0 3 1 1 1 4 1 1 0 2 3 0 1 0 2 4 0 1 2 0 3 1 0 2 1 0 1 4 3 4 4 2 2 3 0 4 3 2 3 2 4 0 2 2 0 1 4 1 2 2 0 2 3 0 0 4 3 1 1 1 4 1 1 3 4 2 0 0 4 2 2 3 3 4 0 2 0 2 1 4 
2 4 1 2 0 3 0 1 0 3 3 2 2 3 1 4 3 4 2 2 4 1 2 4 0 2 0 1 0 4 1 3 4 3 3 4 4 3 3 2 1 3 2 3 2 4 0 4 2 0 0 2 1 1 4 0 2 1 2 4 4 0 3 3 2 2 0 1 1 4 3 3 1 1 4 3 4 0 3 1 0 2 
1 2 0 0 2 2 2 4 1 1 1 0 1 2 3 4 4 3 3 1 2 3 4 4 4 0 4 2 2 3 1 1 0 1 2 3 4 3 2 2 0 0 3 3 4 4 2 3 4 1 3 2 4 3 0 0 0 0 0 0 3 0 2 0 0 4 0 0 0 2 4 3 1 2 0 2 0 0 3 3 4 1 
0 4 1 0 4 1 3 1 0 3 4 0 3 3 3 0 0 2 4 0 4 3 2 4 1 1 1 0 1 4 2 2 4 3 3 2 2 4 3 4 2 0 0 0 3 4 4 1 0 4 4 4 4 2 1 3 3 4 3 1 1 0 2 2 0 4 0 1 2 1 0 4 3 4 2 2 1 3 3 0 4 0 
3 3 4 2 4 4 2 2 0 4 1 4 3 4 4 2 4 2 3 0 0 3 0 1 4 3 0 2 4 4 3 2 3 4 0 2 0 2 4 0 1 1 4 4 1 0 0 4 1 3 3 4 3 3 1 0 0 0 2 3 4 4 4 3 4 1 0 0 1 3 4 1 4 1 0 1 3 0 4 1 4 1 
4 0 3 4 0 3 3 2 4 0 3 2 1 3 4 1 0 3 0 2 1 0 4 1 0 1 1 0 3 3 1 3 1 1 2 0 4 1 1 3 0 3 3 3 4 2 2 2 2 1 4 0 0 4 2 0 0 1 4 0 4 4 2 2 1 1 1 1 3 0 4 2 1 4 2 2 1 1 3 4 0 2 
1 4 2 1 4 4 2 0 0 0 1 3 3 0 0 2 0 1 1 2 0 2 2 3 3 4 0 0 0 1 4 3 0 3 0 2 3 1 4 4 1 3 1 4 2 3 3 1 2 2 3 1 0 4 3 4 2 2 0 2 4 1 2 2 2 4 4 2 0 3 0 1 3 3 4 1 2 1 1 2 4 3 
1 3 2 0 3 0 1 3 4 0 2 3 3 0 0 2 3 1 3 4 4 3 3 2 0 4 4 3 2 0 1 3 1 1 2 3 1 0 0 2 1 2 1 3 2 3 3 4 4 3 0 0 2 4 3 1 1 3 3 3 1 0 1 4 0 2 3 3 2 4 2 1 3 4 2 0 2 4 0 3 4 3 
0 1 3 3 1 0 1 4 3 3 1 2 1 1 0 4 1 1 2 4 1 4 3 3 1 4 4 1 2 2 4 2 3 2 1 0 1 4 2 3 2 0 4 2 2 4 4 0 2 4 1 1 4 1 4 4 4 0 1 3 2 4 0 4 2 0 0 2 1 3 4 1 0 0 1 1 3 2 4 2 2 0 
4 1 3 4 0 2 2 4 4 1 0 0 4 4 0 4 0 3 0 3 2 1 1 4 0 4 0 2 3 0 4 3 4 2 2 1 2 1 4 3 2 1 4 4 0 4 3 2 3 4 3 4 4 2 1 4 0 4 2 1 2 4 0 2 3 4 1 2 2 3 0 2 2 0 1 0 0 4 2 0 3 1 
1 1 4 3 4 2 1 0 4 2 0 0 0 2 2 0 4 2 4 3 3 1 0 2 1 0 1 0 2 3 3 4 4 4 3 1 2 2 2 0 3 0 1 1 2 2 1 0 4 2 4 4 3 1 4 4 1 1 3 4 0 1 4 3 1 1 3 3 3 1 2 0 3 2 4 0 1 1 1 2 4 0 
0 0 0 2 3 1 0 3 2 2 1 4 4 2 1 1 3 0 0 4 2 3 1 0 3 3 3 0 1 2 0 2 2 2 4 1 0 2 0 3 4 0 3 1 1 0 1 2 1 4 2 4 4 0 2 0 4 1 2 1 1 3 2 4 3 4 1 2 4 3 0 4 3 1 2 2 1 1 0 4 1 2 
2 4 4 1 2 0 3 0 3 3 3 0 1 2 1 4 4 4 0 1 2 3 0 4 0 2 2 2 3 4 1 3 2 4 0 0 3 2 4 3 2 0 1 4 3 2 0 3 0 0 0 1 0 2 2 0 1 0 0 3 0 4 4 2 4 3 3 0 2 4 4 1 4 4 4 2 3 4 3 3 4 3 
4 4 2 3 2 1 2 0 3 2 2 4 0 0 3 3 3 1 3 0 3 1 0 1 4 0 3 2 0 4 0 0 3 1 3 4 3 1 3 0 2 1 1 3 0 3 4 1 1 1 2 3 3 2 4 4 1 3 4 4 3 4 0 0 2 3 2 0 1 0 2 4 1 0 0 1 4 2 0 0 2 0 
1 3 2 4 1 1 2 3 4 2 3 3 4 4 1 0 4 2 0 2 3 4 1 3 2 0 1 4 1 4 1 4 2 1 1 1 4 4 4 1 3 1 4 3 2 2 4 3 4 2 4 3 4 3 1 3 2 1 4 3 1 1 1 3 4 0 3 4 4 0 0 0 3 1 4 3 2 1 4 3 0 4 
1 1 4 3 4 0 4 2 0 2 3 3 4 3 2 0 4 2 0 2 0 0 1 2 3 4 0 3 3 0 0 1 2 1 0 0 3 4 2 3 1 2 1 0 3 3 1 0 1 2 0 4 2 0 1 2 4 1 3 1 4 4 1 4 1 3 4 2 3 2 1 3 1 2 1 0 0 3 3 3 0 2 
3 1 3 4 1 2 0 3 4 1 3 0 1 2 1 1 4 4 1 3 0 4 3 3 3 3 3 2 1 4 4 2 2 0 3 1 2 2 4 0 0 3 2 2 3 0 3 4 4 4 1 1 3 3 1 4 1 2 1 4 1 3 0 2 4 3 3 4 4 1 2 1 3 2 3 2 2 2 2 3 1 1 
3 4 1 4 3 2 4 3 1 3 2 2 3 2 0 2 3 1 4 0 4 1 4 0 3 1 3 0 1 1 1 3 0 1 4 2 3 1 4 0 0 1 4 0 4 4 2 1 0 2 1 0 3 0 2 3 4 2 3 2 2 3 2 4 2 2 1 3 0 1 2 0 2 1 0 2 3 2 1 4 2 2 