3
15
840

[Node]
0 25,0  25,0 0 0
41 25,0  25,0 0 0

[pickup]
  1  19,942  16,269   0   7   28 175  235
  2  13,131  45,499   0   9   59 522  582
  3  41,105  42,288   0  15   45 256  316
  4  29,622  23,653   0   5   17 529  589
  5  20,387  33,750   0  12   31 469  529
  6   8,195  24,765   0   5   47 436  496
  7  39,947  22,762   0  10   45 517  577
  8  32,184  39,039   0   8   11 414  474
  9  46,070  49,150   0  11   45  28   88
 10  15,395  23,920   0  12   70  96  156
 11  38,336  13,008   0   8   11 169  229
 12  49,706  28,635   0  14   76  54  114
 13  17,748  22,292   0  15   29 423  483
 14  42,549  29,924   0   8   53 112  172 
 15  44,178   9,661   0  11   45 511  571
 16  26,591  36,243   0  11   12  36   96
 17   3,855   9,895   0   5   53  24   84
 18  37,401  26,569   0  11   48 293  353
 19  45,989  20,442   0   7   55 402  462
 20  35,511  15,228   0  10   49 496  556

[delivery]
 21  35,573  46,733   0  -7  20 209  269
 22  36,158  11,897   0  -9  20 562  622
 23  43,760  46,624   0 -15  20 261  321
 24  13,387  36,048   0  -5  20 549  609
 25  21,442  34,131   0 -12  20 470  530
 26   4,515  24,464   0  -5  20 439  499
 27  14,379  35,446   0 -10  20 545  605
 28  17,381  24,472   0  -8  20 434  494
 29  43,627  19,724   0 -11  20  57  117
 30   0,062  49,145   0 -12  20 125  185
 31  42,389  13,101   0  -8  20 173  233
 32   6,799  22,468   0 -14  20  97  157
 33  24,429   6,787   0 -15  20 439  499
 34  44,972  41,699   0  -8  20 124  184
 35  30,090  18,098   0 -11  20 527  587
 36  17,571  39,599   0 -11  20  45  105
 37  30,378  32,490   0  -5  20  58  118
 38  20,594   9,692   0 -11  20 316  376
 39  19,930  25,913   0  -7  20 428  488
 40   5,808  45,172   0 -10  20 538  598

[Speed 0]
  0,0 120,0 0,0 0,5
120,0 600,0 0,0 0,81
600,0 720,0 0,0 0,5 
720,0 840,0 0,0 0,81

[Speed 1]
  0,0 120,0 0,0 0,67
120,0 600,0 0,0 1,33
600,0 720,0 0,0 0,88 
720,0 840,0 0,0 1,33

[Speed 2]
  0,0 120,0 0,0 0,88
120,0 600,0 0,0 1,33
600,0 720,0 0,0 0,67 
720,0 840,0 0,0 1,33

[Speed 3]
  0,0 120,0 0,0 0,85
120,0 600,0 0,0 1,5
600,0 720,0 0,0 0,85 
720,0 840,0 0,0 1,5

[Speed 4]
  0,0 120,0 0,0 1,0
120,0 600,0 0,0 2,0
600,0 720,0 0,0 1,0 
720,0 840,0 0,0 2,0


[speed choose matrix] 
4 4 4 4	4 4 4 4	4 4 4 4	4 4 4 4	4 4 4 4	4 4 4 4	4 4 4 4 4 4 4 4 4 4 4 4 4 4 4 4 4 4 
4 4 3 2 0 1 2 4 3 2 1 4 2 3 3 1 3 1 2 3 2 1 2 3 3 2 1 3 2 1 2 3 2 2 1 3 2 2 3 3 2 4
4 3 4 3 2 4 1 0 2 3 4 2 3 2 1 3 4 3 3 2 2 3 3 3 2 1 1 2 3 1 3 2 3 3 2 2 2 3 2 4 3 4 
4 1 3 4 3 2 4 3 0 1 2 1 2 4 2 0 1 2 3 1 3 4 2 3 2 2 3 3 2 2 1 4 1 2 3 1 2 1 1 3 4 4
4 0 1 3 4 3 1 4 2 4 0 1 3 2 0 4 3 3 2 1 1 2 4 3 1 2 3 0 1 1 2 1 1 3 2 3 3 2 2 1 3 4
4 2 4 1 3 4 3 2 1 1 2 3 4 0 3 2 1 2 3 1 2 3 2 2 3 2 1 3 3 2 2 2 2 3 1 2 2 3 3 4 1 4
4 1 2 4 2 3 4 3 2 2 1 3 1 4 2 3 1 1 1 2 3 3 2 4 0 2 2 2 3 1 2 0 4 3 2 1 1 2 3 2 4 4
4 4 0 3 4 1 3 4 3 2 4 2 3 1 3 0 4 3 2 2 1 3 2 3 1 1 3 1 2 3 2 3 4 2 1 1 3 3 1 1 3 4
4 3 1 0 1 2 1 3 4 1 1 3 3 2 2 4 0 2 3 3 2 4 0 2 2 3 1 0 1 1 3 1 1 3 3 3 2 2 2 3 1 4
4 1 3 2 4 2 1 1 2 4 2 2 1 1 3 3 1 1 3 3 1 2 2 4 0 1 1 2 3 2 1 0 3 2 2 2 1 3 3 3 2 4
4 2 4 1 0 1 2 4 2 1 4 3 3 2 2 1 3 3 3 2 1 3 3 2 2 1 1 3 2 2 2 2 2 1 1 2 2 2 3 4 1 4
4 4 1 2 2 3 3 1 3 1 3 4 2 1 1 3 2 1 3 2 1 3 4 3 1 2 2 2 1 1 3 3 1 1 2 3 3 4 3 2 3 4 
4 1 3 1 3 4 2 3 3 2 3 1 4 2 3 4 1 3 3 3 2 1 2 3 3 2 1 1 2 1 2 2 3 3 1 2 2 2 2 1 2 4
4 3 1 4 1 0 4 2 1 2 1 2 1 4 2 3 1 4 2 3 2 3 2 2 0 4 3 0 1 2 3 3 2 2 1 1 2 4 3 1 3 4
4 3 2 1 0 3 1 3 1 3 1 2 3 1 4 0 2 3 2 4 1 2 2 3 3 0 1 2 0 1 1 3 3 2 2 2 3 3 3 2 4 4
4 2 3 0 4 1 3 0 4 3 2 3 4 3 0 4 2 4 2 3 4 4 2 1 2 3 3 3 3 2 1 2 3 3 0 4 2 3 1 2 3 4
4 3 4 2 3 2 2 4 0 2 3 1 2 2 1 1 4 1 2 1 3 2 2 0 1 1 2 2 1 2 1 0 3 1 3 3 4 2 2 2 3 4
4 2 3 1 3 1 2 3 1 2 3 2 3 4 3 4 2 4 2 1 1 3 2 1 2 3 1 3 1 1 2 2 2 2 3 2 4 3 2 4 3 4
4 1 3 3 1 3 2 1 3 3 3 3 3 1 1 1 1 1 4 3 2 2 3 2 1 2 3 2 3 3 1 1 3 3 1 2 3 2 2 3 3 4 
4 3 1 2 2 2 1 1 3 3 1 1 3 3 4 3 2 2 3 4 3 4 2 4 0 1 1 2 3 4 2 2 2 3 3 2 3 3 4 2 3 4
4 1 1 3 2 1 3 2 1 2 2 2 1 1 2 4 3 2 1 3 4 2 3 3 1 1 3 1 0 4 2 4 2 2 3 4 2 4 2 4 2 4
4 2 3 4 1 3 3 3 4 1 3 3 1 3 1 4 1 3 1 4 1 4 3 0 1 2 2 4 1 0 2 3 0 2 1 4 4 2 3 1 3 4 
4 1 3 1 4 1 1 1 0 1 3 4 3 1 1 1 1 1 3 1 3 3 4 3 0 2 1 0 1 4 3 3 3 4 2 3 3 1 1 3 4 4
4 3 3 3 3 1 4 3 1 4 1 3 3 1 3 2 0 2 1 4 3 0 3 4 2 2 3 3 2 4 0 2 2 3 1 2 3 3 3 2 4 4 
4 3 1 1 2 3 0 2 1 0 1 2 1 0 3 1 2 1 2 0 2 2 0 1 4 2 3 2 3 1 1 0 2 2 3 2 2 2 2 1 4 4 
4 1 2 1 1 1 1 2 3 2 2 1 1 4 0 3 2 3 1 2 2 1 1 1 1 4 1 2 2 3 1 3 2 2 2 3 2 2 3 4 1 4 
4 2 2 3 3 2 1 3 2 2 2 1 2 3 2 3 1 2 3 2 3 1 2 3 3 2 4 3 3 1 1 3 2 4 0 2 1 3 1 3 2 4
4 3 1 3 0 3 1 2 0 1 3 1 2 0 1 3 1 3 1 1 2 4 0 3 1 1 3 4 1 1 2 1 2 1 2 3 3 4 2 4 1 4
4 1 3 1 2 3 3 1 2 3 1 2 1 2 0 3 2 2 3 3 0 2 2 1 3 1 3 2 4 0 3 3 3 2 2 2 2 2 3 3 2 4
4 2 2 1 2 1 2 3 2 1 1 2 2 1 2 1 1 2 3 4 4 0 4 4 2 3 2 2 0 4 2 2 2 3 4 2 3 2 1 3 2 4
4 1 3 2 1 1 1 1 3 2 1 3 1 3 2 2 2 1 2 1 1 1 2 0 2 2 2 1 3 1 4 2 0 3 3 2 2 3 1 1 2 4
4 3 1 4 2 1 0 3 2 0 1 3 1 3 3 1 0 1 2 1 4 3 3 1 0 3 3 2 3 1 1 4 2 1 3 3 3 2 2 2 2 4
4 2 3 2 2 1 4 4 2 3 1 2 3 1 3 3 3 1 3 1 1 0 3 1 1 1 1 1 3 1 0 1 4 3 2 2 3 1 1 3 3 4
4 1 3 1 3 3 3 1 3 1 2 2 3 1 1 3 2 1 3 3 1 1 4 3 1 1 4 2 1 3 3 2 3 4 3 3 2 3 1 2 1 4
4 2 1 3 1 2 1 2 3 1 2 1 2 2 1 0 3 3 2 3 3 2 1 2 3 1 0 1 1 4 3 3 1 3 4 2 3 2 3 3 2 4
4 3 1 2 3 1 2 2 3 1 1 3 1 2 1 4 3 1 1 1 4 4 3 1 1 3 1 3 1 1 1 3 1 3 1 4 2 3 3 3 2 4
4 1 1 1 3 1 2 3 1 2 1 3 1 1 3 1 4 4 3 3 1 4 3 3 1 2 2 3 1 3 1 3 3 1 3 1 4 2 3 3 4 4
4 1 3 2 1 3 1 3 1 3 1 4 1 4 3 3 1 3 1 3 4 1 2 3 1 1 3 4 1 1 3 1 2 3 1 3 1 4 1 4 3 4
4 3 1 2 1 3 3 2 1 3 3 3 1 3 3 2 1 1 1 4 2 3 2 3 1 3 2 1 3 2 2 1 2 2 3 3 3 2 4 2 3 4
4 3 4 3 2 4 1 2 3 3 4 1 1 2 1 1 1 4 3 1 4 2 3 1 2 4 3 4 3 3 2 1 3 1 3 3 3 4 1 4 1 4 
4 1 3 4 3 2 4 3 2 1 2 3 3 3 4 3 3 3 3 3 1 3 4 4 4 2 1 2 1 1 1 1 3 2 1 1 4 3 3 2 4 4
4 4 4 4 4 4 4 4 4 4 4 4 4 4 4 4 4 4 4 4 4 4 4 4 4 4 4 4 4 4 4 4 4 4 4 4 4 4 4 4 4 4